1	False	1	7298019848502644011	200
7	False	7	7298015597974146347	200
84	False	84	7298014464241061163	200
4	False	4	7298011140041297195	200
8	False	8	7298010714302631211	200
0	False	0	7298008683672374570	200
38	False	38	7298008086235712810	200
0	False	0	7298006659647966506	200
0	False	0	7298004834261699882	200
2	False	2	7298001642417311019	200
16	False	16	7297995487997725998	200
4	False	4	7297993934658161966	200
11	False	11	7297990909470281002	200
3	False	3	7297988699667647790	200
3	False	3	7297984546589510954	200
0	False	0	7297984517707566382	200
0	False	0	7297981324458020139	200
1	False	1	7297980848723299630	200
2	False	2	7297980846236011818	200
4	False	4	7297977855085169966	200
0	False	0	7297976783889026346	200
3	False	3	7297976400051506475	200
8	False	8	7297960854681767214	200
1	False	1	7297959571526634795	200
39	False	39	7297958219991797023	200
7	False	7	7297957675348839723	200
24	False	24	7297947537506323755	200
1	False	1	7297942903488548142	200
0	False	{'error': {'code': 'invalid_params', 'message': '`video_id: 7297932547437284654` is invalid. Please provide a valid video id', 'log_id': '20241124195011835DF39D79B33A117527'}}	7297932547437284654	400
2	False	2	7297885117610052907	200
0	False	0	7297883816411139374	200
7	False	7	7297878489716280619	200
7	False	7	7297876399866563883	200
2	False	2	7297874287464025387	200
9	False	9	7297868878833519903	200
2	False	2	7297862313254866222	200
2	False	2	7297861692967357739	200
0	False	{'error': {'code': 'invalid_params', 'message': '`video_id: 7297860666994511147` is invalid. Please provide a valid video id', 'log_id': '20241124195144FC015EAC3BFF64115530'}}	7297860666994511147	400
1	False	1	7306710908028456234	200
0	False	0	7306709918030105887	200
9	False	9	7306707751730924846	200
1	False	1	7306705309886663978	200
0	False	0	7306703856199634218	200
2	False	2	7306702186447129887	200
5	False	5	7306700931184315690	200
1	False	1	7306698046119759146	200
31	False	31	7306696118631402795	200
22	False	22	7306693509698948394	200
7	False	7	7306692062513040682	200
14	False	14	7306689003451911455	200
3	False	3	7306683387379502379	200
0	False	0	7306679605170195755	200
19	False	19	7306678962430676266	200
0	False	{'error': {'code': 'internal_error', 'message': 'Something went wrong. Please try again later.', 'log_id': '2024112419544160DFC7733E0157104C0A'}}	7306678209246973227	500
3	False	3	7306676098874494250	200
0	False	{'error': {'code': 'invalid_params', 'message': 'The comments of this video are not allowed to be disclosed.', 'log_id': '2024112419550841893FB9A79AF511F7AB'}}	7306673631990467882	400
1	False	1	7306670870800452907	200
43	False	43	7306669488487812394	200
4	False	4	7306664912682634538	200
76	False	76	7306663339801922862	200
15	False	15	7306662759033228587	200
62	False	62	7306662608717909294	200
4	False	4	7306660648417545514	200
0	False	0	7306657255397575979	200
4	False	4	7306656316712471854	200
6	False	6	7306655148535827755	200
3	False	3	7306652728787275039	200
1	False	1	7306650304064408862	200
0	False	0	7306649792875154718	200
13	False	13	7306649745685089566	200
12	False	12	7306647765637926174	200
0	False	0	7306647490055376158	200
23	False	23	7306641314156678443	200
9	False	9	7306640097691045166	200
0	False	0	7306633849205771563	200
1	False	1	7306633105530440991	200
0	False	0	7306632672523128110	200
0	False	{'error': {'code': 'invalid_params', 'message': '`video_id: 7306630469251026207` is invalid. Please provide a valid video id', 'log_id': '20241124195909ABF4803F9BCC4311F53E'}}	7306630469251026207	400
2	False	2	7306629121449151790	200
1	False	1	7306628981334248747	200
99	True	99	7306626404974595370	200
198	True	99	7306626404974595370	200
297	True	99	7306626404974595370	200
396	True	99	7306626404974595370	200
495	True	99	7306626404974595370	200
594	True	99	7306626404974595370	200
692	True	98	7306626404974595370	200
752	True	60	7306626404974595370	200
844	True	92	7306626404974595370	200
942	True	98	7306626404974595370	200
999	True	57	7306626404974595370	200
999	True	0	7306626404974595370	200
999	True	0	7306626404974595370	200
999	True	0	7306626404974595370	200
999	True	0	7306626404974595370	200
999	True	0	7306626404974595370	200
999	True	0	7306626404974595370	200
999	True	0	7306626404974595370	200
999	True	0	7306626404974595370	200
999	True	0	7306626404974595370	200
999	True	0	7306626404974595370	200
999	True	0	7306626404974595370	200
999	True	0	7306626404974595370	200
999	True	0	7306626404974595370	200
999	True	0	7306626404974595370	200
999	True	0	7306626404974595370	200
999	True	0	7306626404974595370	200
999	True	0	7306626404974595370	200
999	True	0	7306626404974595370	200
999	True	0	7306626404974595370	200
999	True	0	7306626404974595370	200
999	True	0	7306626404974595370	200
999	True	0	7306626404974595370	200
999	True	0	7306626404974595370	200
999	True	0	7306626404974595370	200
999	True	0	7306626404974595370	200
999	True	0	7306626404974595370	200
999	True	0	7306626404974595370	200
999	True	0	7306626404974595370	200
999	True	0	7306626404974595370	200
999	True	0	7306626404974595370	200
999	True	0	7306626404974595370	200
999	True	0	7306626404974595370	200
999	True	0	7306626404974595370	200
999	True	0	7306626404974595370	200
999	True	0	7306626404974595370	200
999	True	0	7306626404974595370	200
999	True	0	7306626404974595370	200
999	True	0	7306626404974595370	200
999	True	0	7306626404974595370	200
999	True	0	7306626404974595370	200
999	True	0	7306626404974595370	200
999	True	0	7306626404974595370	200
999	True	0	7306626404974595370	200
999	True	0	7306626404974595370	200
999	True	0	7306626404974595370	200
999	True	0	7306626404974595370	200
999	True	0	7306626404974595370	200
999	True	0	7306626404974595370	200
999	True	0	7306626404974595370	200
999	True	0	7306626404974595370	200
999	True	0	7306626404974595370	200
999	True	0	7306626404974595370	200
999	True	0	7306626404974595370	200
999	True	0	7306626404974595370	200
999	True	0	7306626404974595370	200
999	True	0	7306626404974595370	200
999	True	0	7306626404974595370	200
999	True	0	7306626404974595370	200
999	True	0	7306626404974595370	200
999	True	0	7306626404974595370	200
999	True	0	7306626404974595370	200
999	True	0	7306626404974595370	200
999	True	0	7306626404974595370	200
999	True	0	7306626404974595370	200
999	True	0	7306626404974595370	200
999	True	0	7306626404974595370	200
999	True	0	7306626404974595370	200
999	True	0	7306626404974595370	200
999	True	0	7306626404974595370	200
999	True	0	7306626404974595370	200
999	True	0	7306626404974595370	200
999	True	0	7306626404974595370	200
999	True	0	7306626404974595370	200
999	True	0	7306626404974595370	200
999	True	0	7306626404974595370	200
999	True	0	7306626404974595370	200
999	True	0	7306626404974595370	200
999	True	0	7306626404974595370	200
999	True	0	7306626404974595370	200
999	True	0	7306626404974595370	200
999	True	0	7306626404974595370	200
999	True	0	7306626404974595370	200
999	True	0	7306626404974595370	200
999	True	0	7306626404974595370	200
999	True	0	7306626404974595370	200
999	True	0	7306626404974595370	200
999	True	0	7306626404974595370	200
999	True	0	7306626404974595370	200
999	True	0	7306626404974595370	200
999	True	0	7306626404974595370	200
999	True	0	7306626404974595370	200
999	True	0	7306626404974595370	200
999	True	0	7306626404974595370	200
999	True	0	7306626404974595370	200
999	True	0	7306626404974595370	200
999	True	0	7306626404974595370	200
999	True	0	7306626404974595370	200
999	True	0	7306626404974595370	200
999	True	0	7306626404974595370	200
999	True	0	7306626404974595370	200
999	True	0	7306626404974595370	200
999	True	0	7306626404974595370	200
999	True	0	7306626404974595370	200
999	True	0	7306626404974595370	200
999	True	0	7306626404974595370	200
999	True	0	7306626404974595370	200
999	True	0	7306626404974595370	200
999	True	0	7306626404974595370	200
999	True	0	7306626404974595370	200
999	True	0	7306626404974595370	200
999	True	0	7306626404974595370	200
999	True	0	7306626404974595370	200
999	True	0	7306626404974595370	200
999	True	0	7306626404974595370	200
999	True	0	7306626404974595370	200
999	True	0	7306626404974595370	200
999	True	0	7306626404974595370	200
999	True	0	7306626404974595370	200
999	True	0	7306626404974595370	200
999	True	0	7306626404974595370	200
999	True	0	7306626404974595370	200
999	True	0	7306626404974595370	200
999	True	0	7306626404974595370	200
999	True	0	7306626404974595370	200
999	True	0	7306626404974595370	200
999	True	0	7306626404974595370	200
999	True	0	7306626404974595370	200
999	True	0	7306626404974595370	200
999	True	0	7306626404974595370	200
999	True	0	7306626404974595370	200
999	True	0	7306626404974595370	200
999	True	0	7306626404974595370	200
999	True	0	7306626404974595370	200
999	True	0	7306626404974595370	200
999	True	0	7306626404974595370	200
999	True	0	7306626404974595370	200
999	True	0	7306626404974595370	200
999	True	0	7306626404974595370	200
999	True	0	7306626404974595370	200
999	True	0	7306626404974595370	200
999	True	0	7306626404974595370	200
999	True	0	7306626404974595370	200
999	True	0	7306626404974595370	200
999	True	0	7306626404974595370	200
999	True	0	7306626404974595370	200
999	True	0	7306626404974595370	200
999	True	0	7306626404974595370	200
999	True	0	7306626404974595370	200
999	True	0	7306626404974595370	200
999	True	0	7306626404974595370	200
999	True	0	7306626404974595370	200
999	True	0	7306626404974595370	200
999	True	0	7306626404974595370	200
999	True	0	7306626404974595370	200
999	True	0	7306626404974595370	200
999	True	0	7306626404974595370	200
999	True	0	7306626404974595370	200
999	True	0	7306626404974595370	200
999	True	0	7306626404974595370	200
999	True	0	7306626404974595370	200
999	True	0	7306626404974595370	200
999	True	0	7306626404974595370	200
999	True	0	7306626404974595370	200
999	True	0	7306626404974595370	200
999	True	0	7306626404974595370	200
999	True	0	7306626404974595370	200
999	True	0	7306626404974595370	200
999	True	0	7306626404974595370	200
999	True	0	7306626404974595370	200
999	True	0	7306626404974595370	200
999	True	0	7306626404974595370	200
999	True	0	7306626404974595370	200
999	True	0	7306626404974595370	200
999	True	0	7306626404974595370	200
999	True	0	7306626404974595370	200
999	True	0	7306626404974595370	200
999	True	0	7306626404974595370	200
999	True	0	7306626404974595370	200
999	True	0	7306626404974595370	200
999	True	0	7306626404974595370	200
999	True	0	7306626404974595370	200
999	True	0	7306626404974595370	200
999	True	0	7306626404974595370	200
999	True	0	7306626404974595370	200
999	True	0	7306626404974595370	200
999	True	0	7306626404974595370	200
999	True	0	7306626404974595370	200
999	True	0	7306626404974595370	200
999	True	0	7306626404974595370	200
999	True	0	7306626404974595370	200
999	True	0	7306626404974595370	200
999	True	0	7306626404974595370	200
999	True	0	7306626404974595370	200
999	True	0	7306626404974595370	200
999	True	0	7306626404974595370	200
999	True	0	7306626404974595370	200
999	True	0	7306626404974595370	200
999	True	0	7306626404974595370	200
999	True	0	7306626404974595370	200
999	True	0	7306626404974595370	200
999	True	0	7306626404974595370	200
999	True	0	7306626404974595370	200
999	True	0	7306626404974595370	200
999	True	0	7306626404974595370	200
999	True	0	7306626404974595370	200
999	True	0	7306626404974595370	200
999	True	0	7306626404974595370	200
999	True	0	7306626404974595370	200
999	True	0	7306626404974595370	200
999	True	0	7306626404974595370	200
999	True	0	7306626404974595370	200
999	True	0	7306626404974595370	200
999	True	0	7306626404974595370	200
999	True	0	7306626404974595370	200
999	True	0	7306626404974595370	200
999	True	0	7306626404974595370	200
999	True	0	7306626404974595370	200
999	True	0	7306626404974595370	200
999	True	0	7306626404974595370	200
999	True	0	7306626404974595370	200
999	True	0	7306626404974595370	200
999	True	0	7306626404974595370	200
999	True	0	7306626404974595370	200
999	True	0	7306626404974595370	200
999	True	0	7306626404974595370	200
999	True	0	7306626404974595370	200
999	True	0	7306626404974595370	200
999	True	0	7306626404974595370	200
999	True	0	7306626404974595370	200
999	True	0	7306626404974595370	200
999	True	0	7306626404974595370	200
999	True	0	7306626404974595370	200
999	True	0	7306626404974595370	200
999	True	0	7306626404974595370	200
999	True	0	7306626404974595370	200
999	True	0	7306626404974595370	200
999	True	0	7306626404974595370	200
999	True	0	7306626404974595370	200
999	True	0	7306626404974595370	200
999	True	0	7306626404974595370	200
999	True	0	7306626404974595370	200
999	True	0	7306626404974595370	200
999	True	0	7306626404974595370	200
999	True	0	7306626404974595370	200
999	True	0	7306626404974595370	200
999	True	0	7306626404974595370	200
999	True	0	7306626404974595370	200
999	True	0	7306626404974595370	200
999	True	0	7306626404974595370	200
999	True	0	7306626404974595370	200
999	True	0	7306626404974595370	200
999	True	0	7306626404974595370	200
999	True	0	7306626404974595370	200
999	True	0	7306626404974595370	200
999	True	0	7306626404974595370	200
999	True	0	7306626404974595370	200
999	True	0	7306626404974595370	200
999	True	0	7306626404974595370	200
999	True	0	7306626404974595370	200
999	True	0	7306626404974595370	200
999	True	0	7306626404974595370	200
999	True	0	7306626404974595370	200
999	True	0	7306626404974595370	200
999	True	0	7306626404974595370	200
999	True	0	7306626404974595370	200
999	True	0	7306626404974595370	200
999	True	0	7306626404974595370	200
999	False	{'error': {'code': 'internal_error', 'message': 'Something went wrong. Please try again later.', 'log_id': '2024112420280647E64B31664059133ACB'}}	7306626404974595370	500
0	False	0	7306623549815573806	200
0	False	0	7306623495490800939	200
9	False	9	7306622345731493162	200
43	False	43	7306621622474067246	200
3	False	3	7306618372131687722	200
0	False	{'error': {'code': 'invalid_params', 'message': '`video_id: 7306615570005527854` is invalid. Please provide a valid video id', 'log_id': '20241124202916157662F1693DF8135DBA'}}	7306615570005527854	400
2	False	2	7306612967896780062	200
3	False	3	7306611783429524778	200
5	False	5	7306609554505157931	200
5	False	5	7306603948960386347	200
55	False	55	7306603172867378474	200
0	False	{'error': {'code': 'invalid_params', 'message': '`video_id: 7306603144044219691` is invalid. Please provide a valid video id', 'log_id': '202411242030152F6BD1956FC7B1133B75'}}	7306603144044219691	400
0	False	0	7306602612739018015	200
0	False	0	7306601746325884206	200
0	False	0	7306601529849548063	200
99	True	99	7306600032977898782	200
131	False	32	7306600032977898782	200
21	False	21	7306598133822213419	200
6	False	6	7306597240389389610	200
1	False	1	7306592687027932462	200
18	False	18	7306590911167827243	200
1	False	1	7306590548142443818	200
0	False	0	7306589759348952351	200
12	False	12	7306588152276208926	200
0	False	{'error': {'code': 'internal_error', 'message': 'Something went wrong. Please try again later.', 'log_id': '202411242032320D32F232B60028159FFE'}}	7306587932767407403	500
19	False	19	7306586313875311918	200
21	False	21	7306586253795839262	200
14	False	14	7306584873106525483	200
2	False	2	7306580086487174446	200
20	False	20	7306579856098250030	200
100	True	100	7306570264152739115	200
197	True	97	7306570264152739115	200
290	True	93	7306570264152739115	200
387	True	97	7306570264152739115	200
486	True	99	7306570264152739115	200
581	True	95	7306570264152739115	200
681	True	100	7306570264152739115	200
779	True	98	7306570264152739115	200
875	True	96	7306570264152739115	200
972	True	97	7306570264152739115	200
998	True	26	7306570264152739115	200
1000	True	2	7306570264152739115	200
1000	False	{'error': {'code': 'invalid_params', 'message': '`cursor: 1000` is invalid. Please provide an integer within [0, 999]', 'log_id': '202411242035362916C43F272591134CB2'}}	7306570264152739115	400
2	False	2	7306565130454568234	200
35	False	35	7306562300696333614	200
48	False	48	7306560057670470943	200
96	True	96	7306558602427387167	200
194	True	98	7306558602427387167	200
289	True	95	7306558602427387167	200
386	True	97	7306558602427387167	200
482	True	96	7306558602427387167	200
574	True	92	7306558602427387167	200
669	True	95	7306558602427387167	200
763	True	94	7306558602427387167	200
863	True	100	7306558602427387167	200
960	True	97	7306558602427387167	200
998	True	38	7306558602427387167	200
1000	True	2	7306558602427387167	200
1000	False	{'error': {'code': 'invalid_params', 'message': '`cursor: 1000` is invalid. Please provide an integer within [0, 999]', 'log_id': '202411242038037CC4E88C772B4E13EAB9'}}	7306558602427387167	400
0	False	0	7304680360435076395	200
2	False	2	7304677884331937066	200
0	False	0	7304676147751636254	200
1	False	1	7304674884540550431	200
0	False	0	7304674052700949802	200
97	True	97	7304671258023660842	200
197	True	100	7304671258023660842	200
291	True	94	7304671258023660842	200
386	True	95	7304671258023660842	200
482	True	96	7304671258023660842	200
578	True	96	7304671258023660842	200
672	True	94	7304671258023660842	200
763	True	91	7304671258023660842	200
855	True	92	7304671258023660842	200
876	True	21	7304671258023660842	200
889	True	13	7304671258023660842	200
903	True	14	7304671258023660842	200
915	True	12	7304671258023660842	200
928	True	13	7304671258023660842	200
938	True	10	7304671258023660842	200
946	True	8	7304671258023660842	200
954	True	8	7304671258023660842	200
959	True	5	7304671258023660842	200
963	True	4	7304671258023660842	200
967	True	4	7304671258023660842	200
970	True	3	7304671258023660842	200
974	True	4	7304671258023660842	200
976	True	2	7304671258023660842	200
978	True	2	7304671258023660842	200
979	True	1	7304671258023660842	200
980	True	1	7304671258023660842	200
981	True	1	7304671258023660842	200
982	True	1	7304671258023660842	200
983	True	1	7304671258023660842	200
986	True	3	7304671258023660842	200
987	True	1	7304671258023660842	200
987	False	{'error': {'code': 'internal_error', 'message': 'Server Internal Error', 'log_id': '20241124204301818E1F86F4705B143659'}}	7304671258023660842	500
62	False	62	7304666747435765038	200
5	False	5	7304665563534593326	200
6	False	6	7304664298331245870	200
7	False	7	7304663715356347691	200
1	False	1	7304662775052258590	200
20	False	20	7304660747747986730	200
9	False	9	7304659027508595999	200
15	False	15	7304654724291169578	200
0	False	0	7304652024778362155	200
0	False	{'error': {'code': 'invalid_params', 'message': '`video_id: 7304646109908012331` is invalid. Please provide a valid video id', 'log_id': '2024112420444708D6F08DE78632164198'}}	7304646109908012331	400
0	False	0	7304645661784395039	200
21	False	21	7304645201983786283	200
0	False	0	7304644957820734750	200
0	False	0	7304643967767924014	200
16	False	16	7304641955865333038	200
66	False	66	7304631142160911647	200
0	False	0	7304624194287930666	200
0	False	0	7304622231777479982	200
0	False	{'error': {'code': 'internal_error', 'message': 'Something went wrong. Please try again later.', 'log_id': '202411242046226373DF39AA707314C9CE'}}	7304620765284945194	500
5	False	5	7304618616190799150	200
0	False	{'error': {'code': 'invalid_params', 'message': '`video_id: 7304602131418402091` is invalid. Please provide a valid video id', 'log_id': '20241124204653DEFA6FD5BD45B112D731'}}	7304602131418402091	400
1	False	1	7304588999635537195	200
0	False	0	7304586200067624222	200
7	False	7	7304572476254702878	200
0	False	0	7304570361578917163	200
7	False	7	7304568134097177899	200
0	False	{'error': {'code': 'invalid_params', 'message': '`video_id: 7304560375205203243` is invalid. Please provide a valid video id', 'log_id': '20241124204754AAD81EABBB1C1F13F578'}}	7304560375205203243	400
0	False	0	7304558986450210094	200
7	False	7	7304557598731177262	200
0	False	0	7304551860587728174	200
1	False	1	7304549379371781406	200
0	False	0	7304543454858726687	200
99	True	99	7304543035579321642	200
165	False	66	7304543035579321642	200
0	False	0	7304534030219840814	200
6	False	6	7304531529286438190	200
85	True	85	7304529275678477610	200
183	True	98	7304529275678477610	200
280	True	97	7304529275678477610	200
375	True	95	7304529275678477610	200
468	True	93	7304529275678477610	200
468	False	{'error': {'code': 'invalid_params', 'message': '`video_id: 7304529275678477610` is invalid. Please provide a valid video id', 'log_id': '202411242050290DC29ECA43356D14ECC3'}}	7304529275678477610	400
3	False	3	7304528100258270507	200
0	False	0	7304526287870332206	200
1	False	1	7304510734283738414	200
6	False	6	7304509659220659499	200
10	False	10	7304508826210946347	200
2	False	2	7304497857552321822	200
10	False	10	7304496872394198318	200
9	False	9	7304490541037718826	200
12	False	12	7304488671409900830	200
0	False	0	7304483443738529070	200
0	False	{'error': {'code': 'invalid_params', 'message': '`video_id: 7304482407489621291` is invalid. Please provide a valid video id', 'log_id': '20241124205225751162E012F899142B9B'}}	7304482407489621291	400
4	False	4	7298899978892741931	200
1	False	1	7298896223262477610	200
3	False	3	7298894912269929771	200
1	False	1	7298891501809995039	200
0	False	0	7298890558053813547	200
0	False	{'error': {'code': 'invalid_params', 'message': '`video_id: 7298890513061612842` is invalid. Please provide a valid video id', 'log_id': '202411242053242910C1BAD9FAF61317A4'}}	7298890513061612842	400
0	False	{'error': {'code': 'invalid_params', 'message': '`video_id: 7298889128698006826` is invalid. Please provide a valid video id', 'log_id': '20241124205329147E7A6F0A94FC1503C2'}}	7298889128698006826	400
3	False	3	7298888735356243242	200
92	True	92	7298885695379115306	200
189	True	97	7298885695379115306	200
203	False	14	7298885695379115306	200
14	False	14	7298883792146648363	200
0	False	0	7298880851708792106	200
25	False	25	7298879393802538286	200
0	False	{'error': {'code': 'invalid_params', 'message': '`video_id: 7298879343294680366` is invalid. Please provide a valid video id', 'log_id': '2024112420545286C73C2853F64E14FBED'}}	7298879343294680366	400
30	False	30	7298876115974638891	200
0	False	0	7298875103821958431	200
0	False	0	7298874102612348202	200
12	False	12	7298872929612401966	200
0	False	0	7298869760249417002	200
2	False	2	7298867680285691179	200
4	False	4	7298864560209923371	200
5	False	5	7298861634510982442	200
4	False	4	7298860070752750891	200
3	False	3	7298859592149159211	200
25	False	25	7298858855558073642	200
5	False	5	7298857920043830574	200
9	False	9	7298857429993999662	200
4	False	4	7298856465245277482	200
5	False	5	7298855462823398699	200
9	False	9	7298854536595229982	200
0	False	0	7298854380999068970	200
0	False	{'error': {'code': 'invalid_params', 'message': '`video_id: 7298853102017367339` is invalid. Please provide a valid video id', 'log_id': '20241124205759DB6C765728420515576A'}}	7298853102017367339	400
20	False	20	7298851313419308330	200
4	False	4	7298849524489997611	200
0	False	0	7298847366365351211	200
3	False	3	7298843970833255726	200
0	False	0	7298843920371289386	200
1	False	1	7298843920069414190	200
0	False	0	7298843697301605678	200
7	False	7	7298843644440628523	200
0	False	0	7298843188356320558	200
50	False	50	7298842215764413742	200
4	False	4	7298839812201532703	200
11	False	11	7298836938226715934	200
0	False	0	7298836431878016302	200
2	False	2	7298830613694500138	200
18	False	18	7298826494200024351	200
1	False	1	7298825766702206254	200
2	False	2	7298824385207700782	200
2	False	2	7298823449869438250	200
1	False	1	7298822931457625390	200
35	False	35	7298821805404376363	200
6	False	6	7298820834041367850	200
7	False	7	7298820725979532590	200
13	False	13	7298819616514641198	200
1	False	1	7298816336896003374	200
93	True	93	7298816100295445806	200
132	False	39	7298816100295445806	200
1	False	1	7298814667915365675	200
0	False	0	7298814304315378990	200
1	False	1	7298813633881050411	200
9	False	9	7298812560692940078	200
0	False	0	7298808863648763178	200
1	False	1	7298807590606130463	200
0	False	{'error': {'code': 'invalid_params', 'message': '`video_id: 7298806535273057579` is invalid. Please provide a valid video id', 'log_id': '202411242103539C5D96C534AF9B1560DD'}}	7298806535273057579	400
2	False	2	7298806299515522350	200
0	False	0	7298806004635028779	200
0	False	0	7298801906011376938	200
0	False	0	7298798577932078382	200
0	False	0	7298797208441343274	200
7	False	7	7298796461469338922	200
38	False	38	7298796043997678891	200
1	False	1	7298794294754807082	200
1	False	1	7298793687364996394	200
0	False	{'error': {'code': 'invalid_params', 'message': '`video_id: 7298793185109675307` is invalid. Please provide a valid video id', 'log_id': '20241124210536A97B9E0E5195881527E6'}}	7298793185109675307	400
8	False	8	7298792170222357802	200
0	False	0	7298787841935723822	200
78	False	78	7298786888922434859	200
9	False	9	7298785430764408107	200
1	False	1	7298785049313545518	200
0	False	0	7298782022191910186	200
3	False	3	7298781212720598318	200
0	False	0	7301490013609512235	200
0	False	0	7301133147184336171	200
1	False	1	7301086888339754282	200
1	False	1	7301086784031706414	200
0	False	{'error': {'code': 'internal_error', 'message': 'Something went wrong. Please try again later.', 'log_id': '202411242107394E934E8AEC0F7615641F'}}	7301086268669168938	500
1	False	1	7301086077731851563	200
3	False	3	7301119559216696622	200
90	True	90	7301118738177215774	200
167	False	77	7301118738177215774	200
7	False	7	7301118329639488810	200
2	False	2	7301117561993825582	200
2	False	2	7301114959256096042	200
6	False	6	7301110947211513134	200
0	False	0	7301105537788218666	200
3	False	3	7301103991994223915	200
3	False	3	7301102949315497258	200
7	False	7	7301101911934078239	200
13	False	13	7301099488171543850	200
22	False	22	7301094291265424670	200
85	False	85	7301091446357069086	200
19	False	19	7301090978998406442	200
2	False	2	7301089688587095339	200
16	False	16	7301088432288271658	200
2	False	2	7301088385542769966	200
25	False	25	7301087592383122730	200
0	False	0	7301086902487141663	200
0	False	{'error': {'code': 'invalid_params', 'message': '`video_id: 7301082920259734827` is invalid. Please provide a valid video id', 'log_id': '20241124211141A6E46AF19CCDC71589F9'}}	7301082920259734827	400
1	False	1	7301079877623532842	200
6	False	6	7301078151336086826	200
15	False	15	7301071875348663595	200
96	True	96	7301071788149148974	200
144	False	48	7301071788149148974	200
99	True	99	7301067764825951531	200
141	False	42	7301067764825951531	200
1	False	1	7301066635455237422	200
9	False	9	7301058197274496287	200
17	False	17	7301057228142873898	200
20	False	20	7301056135446957355	200
98	True	98	7301055983818722606	200
198	True	100	7301055983818722606	200
267	False	69	7301055983818722606	200
0	False	0	7301055041543097646	200
1	False	1	7301052228230483246	200
0	False	0	7301051255139552558	200
3	False	3	7301049977512676654	200
0	False	0	7301044687538883871	200
34	False	34	7301043405558271275	200
0	False	{'error': {'code': 'internal_error', 'message': 'Something went wrong. Please try again later.', 'log_id': '20241124211526581AFCB6E29E9914E2BA'}}	7301041759902207278	500
8	False	8	7301041607900695854	200
13	False	13	7301041482931244331	200
4	False	4	7301040893484649770	200
40	False	40	7301039307811228970	200
1	False	1	7301035971397651755	200
0	False	0	7301035552076287274	200
1	False	1	7301033503280368927	200
19	False	19	7301030502775950634	200
5	False	5	7301030482878156074	200
5	False	5	7301030455451700522	200
1	False	1	7301029240688987435	200
13	False	13	7301027743649549610	200
0	False	0	7301025178975259946	200
15	False	15	7301018607373372718	200
10	False	10	7301016771966799146	200
5	False	5	7301016168729546015	200
8	False	8	7301012568276077855	200
11	False	11	7301012556427332910	200
0	False	{'error': {'code': 'internal_error', 'message': 'Something went wrong. Please try again later.', 'log_id': '20241124211859A1FDBD946D846E1607FC'}}	7301010869968751914	500
19	False	19	7301008253671001374	200
5	False	5	7301008198859787562	200
1	False	1	7301006006207778091	200
2	False	2	7301005357579685166	200
1	False	1	7301005129099054378	200
5	False	5	7301001577295482158	200
0	False	0	7301000649938947370	200
0	False	0	7301000535753379118	200
12	False	12	7300998437326114091	200
14	False	14	7300998263895887147	200
97	True	97	7304824311452388650	200
110	False	13	7304824311452388650	200
1	False	1	7304814986482683167	200
24	False	24	7304814241528253739	200
0	False	{'error': {'code': 'invalid_params', 'message': '`video_id: 7304812433053584686` is invalid. Please provide a valid video id', 'log_id': '202411242121462902AEFBA45D5E157F79'}}	7304812433053584686	400
7	False	7	7304807699315871022	200
0	False	0	7304807403533389086	200
0	False	0	7304805629116583214	200
0	False	0	7304805516377705770	200
0	False	{'error': {'code': 'invalid_params', 'message': '`video_id: 7304804529885678878` is invalid. Please provide a valid video id', 'log_id': '20241124212234FD687869DA5765141887'}}	7304804529885678878	400
0	False	0	7304801730284244254	200
0	False	0	7304799174183243039	200
0	False	0	7304798956872125739	200
2	False	2	7304794180008676639	200
4	False	4	7304791992712629547	200
98	True	98	7304785832378895659	200
121	False	23	7304785832378895659	200
0	False	0	7304785389330418987	200
16	False	16	7304783456431623454	200
0	False	0	7304782213030169902	200
0	False	{'error': {'code': 'internal_error', 'message': 'Something went wrong. Please try again later.', 'log_id': '20241124212424D25C4A21117AA713F601'}}	7304778675180981550	500
39	False	39	7304776544260558122	200
4	False	4	7304768979879644462	200
25	False	25	7304768464227487006	200
86	False	86	7304766928210365726	200
3	False	3	7304762744488676650	200
0	False	0	7304758999457598763	200
6	False	6	7304755158028782891	200
1	False	1	7304754391435808043	200
0	False	{'error': {'code': 'invalid_params', 'message': '`video_id: 7304754213983194410` is invalid. Please provide a valid video id', 'log_id': '20241124212610156859CBD7B167159232'}}	7304754213983194410	400
0	False	0	7304751987965365546	200
3	False	3	7304751874933116203	200
22	False	22	7304750990534741279	200
24	False	24	7304746985461124398	200
25	False	25	7304742340416015659	200
7	False	7	7304742104553540895	200
2	False	2	7304740603781418286	200
7	False	7	7304739470568377630	200
94	True	94	7304733302710078762	200
107	False	13	7304733302710078762	200
21	False	21	7304732873297382699	200
1	False	1	7304731589395762478	200
2	False	2	7304731382666824990	200
20	False	20	7304730585119984942	200
0	False	0	7304729187414281518	200
8	False	8	7304727415006301482	200
0	False	0	7304722853335731502	200
96	False	96	7304720114748837166	200
3	False	3	7304716878188907819	200
31	False	31	7304715496690126122	200
28	False	28	7304715276556291370	200
0	False	{'error': {'code': 'invalid_params', 'message': 'The comments of this video are not allowed to be disclosed.', 'log_id': '20241124213003047AA065C17C8C161E34'}}	7304709773344214302	400
9	False	9	7304708722419436843	200
0	False	{'error': {'code': 'internal_error', 'message': 'Something went wrong. Please try again later.', 'log_id': '20241124213018530502F160E5A613B5B5'}}	7304703361083919659	500
0	False	0	7304693278044179758	200
5	False	5	7304691025971383582	200
11	False	11	7304689428704890154	200
6	False	6	7304688427713318174	200
3	False	3	7304682606354910506	200
0	False	0	7304146446503152939	200
4	False	4	7304140227268955438	200
0	False	0	7304139422688087338	200
10	False	10	7304137713941531950	200
1	False	1	7304136520334609706	200
3	False	3	7304132505718885674	200
10	False	10	7304125366879227167	200
13	False	13	7304122377770798382	200
0	False	0	7304117149616868650	200
2	False	2	7304115703831874859	200
8	False	8	7304113193868217642	200
0	False	0	7304110971189005599	200
0	False	0	7304109394491362590	200
5	False	5	7304107975445368110	200
0	False	0	7304107477539278110	200
0	False	0	7304104723349507371	200
13	False	13	7304103600786017579	200
0	False	0	7304102212521725226	200
42	False	42	7304099166580690222	200
15	False	15	7304097387377724714	200
2	False	2	7304092983526444334	200
58	False	58	7304090670736723242	200
0	False	0	7304081875373411626	200
2	False	2	7304075767741222190	200
0	False	0	7304071699384028462	200
0	False	0	7304067688748485934	200
0	False	0	7304066128333278510	200
7	False	7	7304063889698868522	200
3	False	3	7304062537593523498	200
13	False	13	7304054450921016618	200
0	False	0	7304052796607696174	200
0	False	{'error': {'code': 'internal_error', 'message': 'Something went wrong. Please try again later.', 'log_id': '2024112421365760F1B25564CD7216771D'}}	7304051551138565418	500
0	False	0	7304043460636511531	200
29	False	29	7304041464714054943	200
5	False	5	7304038792481230126	200
99	True	99	7304037775173750062	200
178	False	79	7304037775173750062	200
0	False	0	7304036727725853995	200
11	False	11	7304035086771506463	200
1	False	1	7304035013211835679	200
46	False	46	7304034208236817694	200
0	False	0	7304032961341426986	200
0	False	0	7304032483740339499	200
0	False	0	7304029864238107946	200
1	False	1	7304027637687536942	200
2	False	2	7304025204534054175	200
1	False	1	7304014912349687071	200
0	False	0	7304009711613922606	200
0	False	0	7304009342888463658	200
1	False	1	7304005527162555694	200
16	False	16	7303999894904180010	200
2	False	2	7303999751706529066	200
7	False	7	7303999253855227166	200
1	False	1	7303997700804971807	200
0	False	0	7303996099935702315	200
3	False	3	7303996054171618602	200
2	False	2	7297328168573177131	200
3	False	3	7297327678191848746	200
0	False	{'error': {'code': 'internal_error', 'message': 'Something went wrong. Please try again later.', 'log_id': '2024112421415254506A3462EA6B1685D9'}}	7297325239824813355	500
30	False	30	7297323679451467050	200
1	False	1	7297322095070039339	200
9	False	9	7297320609653050667	200
9	False	9	7297319599098416427	200
0	False	0	7297317906025549098	200
4	False	4	7297316738415267114	200
3	False	3	7297313964315184426	200
0	False	0	7297313019598589226	200
1	False	1	7297312844847271214	200
100	True	100	7297312492584373550	200
196	True	96	7297312492584373550	200
293	True	97	7297312492584373550	200
391	True	98	7297312492584373550	200
487	True	96	7297312492584373550	200
584	True	97	7297312492584373550	200
609	False	25	7297312492584373550	200
0	False	{'data': {}, 'error': {'code': 'access_token_invalid', 'message': 'The access token is invalid or not found in the request.', 'log_id': '20241124214457A757D477992DBC16B3F7'}}	7297312295510625579	401
11	False	11	7297312232835271966	200
13	False	13	7297311943914982702	200
7	False	7	7297311082367028522	200
2	False	2	7297310882483342638	200
4	False	4	7297309989356490015	200
5	False	5	7297308701587803435	200
13	False	13	7297307738445597994	200
19	False	19	7297307607449029919	200
7	False	7	7297306136406019374	200
0	False	0	7297305166049512747	200
5	False	5	7297304700704296238	200
9	False	9	7297304030689135914	200
12	False	12	7297303389145156907	200
15	False	15	7297302621902081322	200
0	False	0	7297302205873376554	200
18	False	18	7297301323127639342	200
3	False	3	7297301149416295722	200
0	False	0	7297299143976914218	200
4	False	4	7297298070478343470	200
11	False	11	7297298018355842350	200
6	False	6	7297297499285441834	200
1	False	1	7297296002745240875	200
1	False	1	7297295537135422766	200
6	False	6	7297295061165952299	200
16	False	16	7297294434499169578	200
14	False	14	7297293884080672043	200
1	False	1	7297293790904143135	200
41	False	41	7297292699110083882	200
2	False	2	7297292369458711851	200
5	False	5	7297290536359267630	200
13	False	13	7297289656998169902	200
31	False	31	7297288581771578666	200
7	False	7	7297287164595899691	200
23	False	23	7297286043131252011	200
3	False	3	7297284208022670638	200
2	False	2	7297277707073654058	200
27	False	27	7297277610680323374	200
3	False	3	7297276648569916718	200
5	False	5	7297276331316743470	200
3	False	3	7297276087313141038	200
0	False	0	7297276022632975662	200
0	False	0	7297275960402087214	200
1	False	1	7297275041509543210	200
0	False	0	7297274716811742507	200
0	False	0	7297274285754780971	200
0	False	0	7297274210164935982	200
2	False	2	7297273739249470750	200
2	False	2	7297273575512427822	200
1	False	1	7297272523962567978	200
0	False	0	7297271600922004778	200
0	False	0	7297269655180217642	200
11	False	11	7297267405238078763	200
36	False	36	7297267118020513066	200
10	False	10	7297265610713484590	200
22	False	22	7297260305871162667	200
99	True	99	7297260075809344799	200
197	True	98	7297260075809344799	200
292	True	95	7297260075809344799	200
384	True	92	7297260075809344799	200
391	False	7	7297260075809344799	200
0	False	{'error': {'code': 'internal_error', 'message': 'Something went wrong. Please try again later.', 'log_id': '202411242155495B503DDD892207176551'}}	7297259495409847598	500
4	False	4	7297259323170786602	200
2	False	2	7297256734265969963	200
7	False	7	7297255116913249582	200
30	False	30	7297253841253256491	200
10	False	10	7297252529346301230	200
3	False	3	7297251966399286570	200
3	False	3	7300628418691992862	200
2	False	2	7300624446283369770	200
0	False	0	7300621679301201198	200
11	False	11	7300618948176022830	200
0	False	0	7300617706095512874	200
11	False	11	7300616241448881450	200
1	False	1	7300614654571810094	200
0	False	0	7300607514075335978	200
3	False	3	7300606055791349038	200
3	False	3	7300605163167845674	200
10	False	10	7300604536706632990	200
9	False	9	7300603867635666222	200
28	False	28	7300601800934133035	200
0	False	0	7300601154424032555	200
29	False	29	7300600390750424362	200
0	False	0	7300600340104219946	200
3	False	3	7300600245988101406	200
0	False	0	7300600026802294059	200
23	False	23	7300597236856130859	200
6	False	6	7300595575374826783	200
0	False	0	7300595214337674542	200
67	False	67	7300594832249015598	200
2	False	2	7300584235159620906	200
2	False	2	7300577754355928366	200
1	False	1	7300569385062681902	200
0	False	0	7300567970458209567	200
3	False	3	7300561625864506667	200
93	False	93	7300531564604181806	200
0	False	{'error': {'code': 'invalid_params', 'message': '`video_id: 7300527123142380842` is invalid. Please provide a valid video id', 'log_id': '20241124220211C609F2275A97E617636D'}}	7300527123142380842	400
0	False	0	7300522160135753002	200
17	False	17	7300518578648796447	200
2	False	2	7300502446223199531	200
9	False	9	7300481632320949547	200
1	False	1	7300475056738536747	200
44	False	44	7300456309172833582	200
6	False	6	7300455033626266923	200
6	False	6	7300443894364245291	200
10	False	10	7300426921903394078	200
5	False	5	7300422684721024286	200
3	False	3	7300422234194087199	200
0	False	0	7300421935312424238	200
2	False	2	7300417306838977834	200
1	False	1	7300417110520450334	200
0	False	0	7300416483618802986	200
3	False	3	7300411969788562718	200
14	False	14	7300407021961006378	200
1	False	1	7300403777595526446	200
35	False	35	7300398969820106027	200
4	False	4	7300396046231047470	200
0	False	0	7300394695350471982	200
15	False	15	7300392122954288430	200
5	False	5	7300388433476816174	200
85	False	85	7300387884501060907	200
0	False	0	7300386291919883566	200
4	False	4	7300384267836869934	200
89	False	89	7300384241689349406	200
1	False	1	7300381372684930350	200
0	False	0	7300379701254606123	200
0	False	{'error': {'code': 'invalid_params', 'message': 'The comments of this video are not allowed to be disclosed.', 'log_id': '202411242207259283E1883EFBFF17C42C'}}	7300377877403503915	400
3	False	3	7300376686028164395	200
21	False	21	7300376353847708970	200
5	False	5	7300375956416433451	200
0	False	0	7300375288062463274	200
4	False	4	7300373537301335342	200
2	False	2	7300371080605224235	200
9	False	9	7300370149524131114	200
2	False	2	7300369090252721451	200
41	False	41	7300365749548272938	200
0	False	0	7300364371950177578	200
0	False	0	7300362149401087263	200
4	False	4	7300358936719314218	200
0	False	0	7300356192143019294	200
17	False	17	7300355084964072750	200
6	False	6	7300354908430077226	200
0	False	{'error': {'code': 'internal_error', 'message': 'Something went wrong. Please try again later.', 'log_id': '2024112422101187B03558B9EBA6168423'}}	7300354694273191214	500
16	False	16	7299403552324062510	200
4	False	4	7299369659822902571	200
28	False	28	7299364115837881642	200
13	False	13	7299359962600394026	200
2	False	2	7299358071757901102	200
2	False	2	7299355852211768618	200
0	False	0	7299355624905854254	200
0	False	0	7299344247319235886	200
61	False	61	7299338136381852959	200
0	False	0	7299336039632522542	200
0	False	0	7299320788623133983	200
1	False	1	7299319728407924010	200
5	False	5	7299311920195095838	200
14	False	14	7299310463739940142	200
0	False	0	7299310200392043807	200
8	False	8	7299309071537081642	200
0	False	{'error': {'code': 'invalid_params', 'message': '`video_id: 7299306686500703530` is invalid. Please provide a valid video id', 'log_id': '202411242213187F21B567DFD1FC188628'}}	7299306686500703530	400
0	False	{'error': {'code': 'invalid_params', 'message': '`video_id: 7299305709735284011` is invalid. Please provide a valid video id', 'log_id': '2024112422132317E6DE98B31698181EB8'}}	7299305709735284011	400
1	False	1	7299304344074243374	200
22	False	22	7299303311830813998	200
0	False	0	7299302293231389995	200
0	False	0	7299300386408598830	200
9	False	9	7299298761778416938	200
45	False	45	7299297699633909023	200
98	True	98	7299297262541229355	200
125	False	27	7299297262541229355	200
0	False	{'error': {'code': 'invalid_params', 'message': '`video_id: 7299296612898180394` is invalid. Please provide a valid video id', 'log_id': '202411242214537E19AA2714059117FC6A'}}	7299296612898180394	400
22	False	22	7299294920836140331	200
4	False	4	7299292819502681390	200
0	False	0	7299286356193201451	200
100	True	100	7299285886263446827	200
197	True	97	7299285886263446827	200
297	True	100	7299285886263446827	200
396	True	99	7299285886263446827	200
496	True	100	7299285886263446827	200
595	True	99	7299285886263446827	200
693	True	98	7299285886263446827	200
791	True	98	7299285886263446827	200
886	True	95	7299285886263446827	200
899	False	13	7299285886263446827	200
0	False	0	7299285418330164522	200
0	False	0	7299285210741476650	200
0	False	{'error': {'code': 'invalid_params', 'message': '`video_id: 7299282092310007082` is invalid. Please provide a valid video id', 'log_id': '2024112422173100F0F79CE2EFB818FB2F'}}	7299282092310007082	400
0	False	0	7299281636754066730	200
17	False	17	7299280317066579242	200
1	False	1	7299272705554009375	200
1	False	1	7299269080278715694	200
14	False	14	7299269068287135018	200
2	False	2	7299265470006496558	200
7	False	7	7299264590796295467	200
0	False	0	7299263227035225386	200
2	False	2	7299261402177457454	200
0	False	0	7299261126318279982	200
1	False	1	7299260739452161323	200
0	False	0	7299255978157935914	200
0	False	{'error': {'code': 'invalid_params', 'message': '`video_id: 7299253914195578154` is invalid. Please provide a valid video id', 'log_id': '2024112422194631B2496320426418F63D'}}	7299253914195578154	400
0	False	{'data': {}, 'error': {'code': 'daily_quota_limit_exceeded', 'message': 'The API daily quota limit exceeded. Please try again later', 'log_id': '20241124221952B924132593693B160E17'}}	7299251692153867562	429
2	False	2	7299251039579114798	200
26	False	26	7299250986919415083	200
6	False	6	7299249142038187310	200
27	False	27	7299248453148773663	200
3	False	3	7299248092828699947	200
10	False	10	7299242654192127262	200
11	False	11	7299241692081786154	200
2	False	2	7299240538501582126	200
2	False	2	7299238385678437678	200
2	False	2	7299237689767841067	200
1	False	1	7299236637899361579	200
0	False	0	7299233821138980138	200
0	False	0	7299231530344287534	200
12	False	12	7300351807971265838	200
4	False	4	7300350549264780590	200
0	False	0	7300347967569988907	200
1	False	1	7300346885166877982	200
0	False	0	7300346073124441374	200
4	False	4	7300341436673740078	200
27	False	27	7300337883708181803	200
9	False	9	7300337020763786539	200
8	False	8	7300336783508671774	200
34	False	34	7300336653573442862	200
2	False	2	7300334816841583902	200
3	False	3	7300333231495204138	200
0	False	0	7300332962363624750	200
1	False	1	7300332180486573355	200
2	False	2	7300331054261423402	200
1	False	1	7300331052009000235	200
0	False	0	7300324396311383339	200
57	False	57	7300324305617816874	200
0	False	0	7300324175082835246	200
0	False	0	7300322703007894830	200
0	False	{'error': {'code': 'invalid_params', 'message': '`video_id: 7300320946932485418` is invalid. Please provide a valid video id', 'log_id': '2024112520091221F85BB590512516219F'}}	7300320946932485418	400
6	False	6	7300316267703979295	200
0	False	0	7300314943323213099	200
1	False	1	7300314531895594282	200
1	False	1	7300311546822003998	200
2	False	2	7300311437627641134	200
2	False	2	7300311407696907551	200
2	False	2	7300310619129990431	200
2	False	2	7300310280263798047	200
0	False	0	7300309988323413290	200
1	False	1	7300309627290406175	200
2	False	2	7300309129908735263	200
28	False	28	7300307763303861546	200
9	False	9	7300307754273574175	200
0	False	0	7300304439171190046	200
0	False	0	7300299994681347374	200
0	False	0	7300299273512471851	200
1	False	1	7300299238775262510	200
0	False	{'error': {'code': 'invalid_params', 'message': '`video_id: 7300295116617551150` is invalid. Please provide a valid video id', 'log_id': '20241125201224DB0DB4298B5C4515F064'}}	7300295116617551150	400
2	False	2	7300293769851686175	200
0	False	0	7300290706134863146	200
35	False	35	7300282287009058090	200
2	False	2	7300281230031850782	200
0	False	{'error': {'code': 'invalid_params', 'message': '`video_id: 7300280171616144683` is invalid. Please provide a valid video id', 'log_id': '202411252013116FB1506AB8F30C157EEF'}}	7300280171616144683	400
1	False	1	7300279079683542315	200
18	False	18	7300278678997568798	200
0	False	0	7300272453626891563	200
34	False	34	7300272103948078382	200
0	False	0	7300271574509178158	200
1	False	1	7300270943706828062	200
19	False	19	7300270725519379758	200
81	False	81	7300270314595011886	200
0	False	0	7300270033635183915	200
0	False	0	7300268611501886762	200
54	False	54	7300267141930945823	200
0	False	{'error': {'code': 'invalid_params', 'message': '`video_id: 7300265874450091306` is invalid. Please provide a valid video id', 'log_id': '20241125201523093B28F5F8170715A10D'}}	7300265874450091306	400
0	False	{'error': {'code': 'invalid_params', 'message': '`video_id: 7300262940337360170` is invalid. Please provide a valid video id', 'log_id': '20241125201528A30DABF8CB5FB4164D48'}}	7300262940337360170	400
8	False	8	7300261841874308382	200
0	False	{'error': {'code': 'internal_error', 'message': 'Something went wrong. Please try again later.', 'log_id': '20241125201544F8511BC5C0444315C331'}}	7300258205337177386	500
89	True	89	7300258074349096222	200
174	False	85	7300258074349096222	200
0	False	{'error': {'code': 'internal_error', 'message': 'Something went wrong. Please try again later.', 'log_id': '202411252016221F3BD2F7BCB67415C553'}}	7300254761486486827	500
97	True	97	7300254531877653790	200
139	False	42	7300254531877653790	200
5	False	5	7300251515556744494	200
12	False	12	7300248722175184159	200
0	False	0	7300245563373587754	200
70	False	70	7300245499477577002	200
17	False	17	7300241679792082206	200
1	False	1	7300239134268869931	200
17	False	17	7300238992052735274	200
39	False	39	7300237019886669086	200
0	False	0	7300232065335741742	200
0	False	0	7300229230447660330	200
1	False	1	7298373275229457710	200
12	False	12	7298372803529690411	200
9	False	9	7298371981425118506	200
0	False	0	7298371317034880302	200
2	False	2	7298370391129771310	200
43	False	43	7298368767640472878	200
9	False	9	7298368706097253678	200
3	False	3	7298366945173294378	200
0	False	0	7298363281775922474	200
0	False	0	7298359762574380334	200
1	False	1	7298358094860455198	200
33	False	33	7298357744644508971	200
0	False	0	7298355221250510123	200
0	False	0	7298354800205466926	200
2	False	2	7298354387498454318	200
2	False	2	7298353044259949870	200
43	False	43	7298350045500411178	200
0	False	0	7298347772028226859	200
9	False	9	7298345256628555038	200
99	True	99	7298342820547546411	200
149	False	50	7298342820547546411	200
20	False	20	7298339804675198251	200
1	False	1	7298329930117614894	200
1	False	1	7298325650572610858	200
2	False	2	7298325525536492846	200
19	False	19	7298323065111366943	200
1	False	1	7298323051135995182	200
5	False	5	7298321052323646751	200
0	False	0	7298317931186900267	200
21	False	21	7298317260588879147	200
0	False	0	7298311437485673771	200
20	False	20	7298297236340051246	200
44	False	44	7298295642428935467	200
33	False	33	7298281436476378411	200
7	False	7	7298268823310830890	200
1	False	1	7298261284334718254	200
2	False	2	7298248320051449134	200
12	False	12	7298245143080029482	200
40	False	40	7298243576062938414	200
0	False	0	7298240680911047967	200
0	False	0	7298235986939628831	200
4	False	4	7298232178503109931	200
23	False	23	7298224830057368878	200
0	False	0	7298218489133714719	200
7	False	7	7298218241221004587	200
4	False	4	7298211078226447658	200
6	False	6	7298208371184799006	200
0	False	0	7298202437519822123	200
0	False	{'error': {'code': 'invalid_params', 'message': '`video_id: 7298199380681674027` is invalid. Please provide a valid video id', 'log_id': '202411252027262EBDCFAE3CB7A616399D'}}	7298199380681674027	400
8	False	8	7298198404520217899	200
0	False	0	7298197928194166058	200
0	False	{'error': {'code': 'invalid_params', 'message': '`video_id: 7298196462406716718` is invalid. Please provide a valid video id', 'log_id': '2024112520275445C4327D107724166327'}}	7298196462406716718	400
11	False	11	7298195068790279466	200
3	False	3	7298192011818011947	200
1	False	1	7298191759434157342	200
5	False	5	7298186129742908718	200
0	False	0	7298183670005796138	200
4	False	4	7298181628784807211	200
25	False	25	7298179248072690990	200
14	False	14	7299639217628466475	200
9	False	9	7299638595411807530	200
0	False	{'error': {'code': 'invalid_params', 'message': '`video_id: 7299638198169308462` is invalid. Please provide a valid video id', 'log_id': '20241125202937B6979DE561AC36008F20'}}	7299638198169308462	400
1	False	1	7299637999095041322	200
96	True	96	7299637894992497966	200
196	True	100	7299637894992497966	200
294	True	98	7299637894992497966	200
394	True	100	7299637894992497966	200
492	True	98	7299637894992497966	200
592	True	100	7299637894992497966	200
690	True	98	7299637894992497966	200
789	True	99	7299637894992497966	200
889	True	100	7299637894992497966	200
988	True	99	7299637894992497966	200
1000	True	12	7299637894992497966	200
1000	False	{'error': {'code': 'invalid_params', 'message': '`cursor: 1000` is invalid. Please provide an integer within [0, 999]', 'log_id': '2024112520312516116F9436725616C0E4'}}	7299637894992497966	400
12	False	12	7299633403094142254	200
0	False	{'error': {'code': 'invalid_params', 'message': 'The comments of this video are not allowed to be disclosed.', 'log_id': '202411252031414B3441421A53A516A1A6'}}	7299632605303999786	400
0	False	0	7299632179963940142	200
3	False	3	7299632007460523294	200
8	False	8	7299630652214005038	200
3	False	3	7299627266739359019	200
100	True	100	7299625754944425259	200
198	True	98	7299625754944425259	200
295	True	97	7299625754944425259	200
349	False	54	7299625754944425259	200
1	False	1	7299625518209502506	200
6	False	6	7299624703587585322	200
35	False	35	7299620802247281963	200
95	True	95	7299620643211922731	200
192	True	97	7299620643211922731	200
289	True	97	7299620643211922731	200
386	True	97	7299620643211922731	200
485	True	99	7299620643211922731	200
580	True	95	7299620643211922731	200
678	True	98	7299620643211922731	200
777	True	99	7299620643211922731	200
871	True	94	7299620643211922731	200
967	True	96	7299620643211922731	200
999	True	32	7299620643211922731	200
1000	True	1	7299620643211922731	200
1000	False	{'error': {'code': 'invalid_params', 'message': '`cursor: 1000` is invalid. Please provide an integer within [0, 999]', 'log_id': '2024112520353621BCBF849CAE8916BEBF'}}	7299620643211922731	400
12	False	12	7299618618311052575	200
1	False	1	7299618006269824286	200
44	False	44	7299617166750403882	200
13	False	13	7299616731679706414	200
2	False	2	7299616683625565486	200
0	False	{'error': {'code': 'invalid_params', 'message': '`video_id: 7299615796534234410` is invalid. Please provide a valid video id', 'log_id': '202411252036356E3C341C5B55E11702AC'}}	7299615796534234410	400
1	False	1	7299615359118707999	200
3	False	3	7299613668021620014	200
3	False	3	7299608586626403626	200
7	False	7	7299607423264771359	200
0	False	{'error': {'code': 'internal_error', 'message': 'Something went wrong. Please try again later.', 'log_id': '202411252037240FF2FECFC7ABFA14E117'}}	7299607246084902186	500
3	False	3	7299606349460245806	200
5	False	5	7299606276110077214	200
13	False	13	7299606224645983531	200
1	False	1	7299605969074474282	200
0	False	0	7299604466519641387	200
9	False	9	7299604210973330734	200
20	False	20	7299603068839300398	200
2	False	2	7299602360798629163	200
13	False	13	7299601032055754030	200
0	False	0	7299599479471099179	200
0	False	{'error': {'code': 'invalid_params', 'message': '`video_id: 7299596853203651886` is invalid. Please provide a valid video id', 'log_id': '20241125203930113D8DCF90554B172235'}}	7299596853203651886	400
0	False	0	7299595972018097454	200
0	False	{'error': {'code': 'invalid_params', 'message': '`video_id: 7299592987049233706` is invalid. Please provide a valid video id', 'log_id': '202411252039465CF36148CD5C821534D1'}}	7299592987049233706	400
16	False	16	7299592986524978474	200
6	False	6	7299591920907554090	200
8	False	8	7299589408192204075	200
4	False	4	7299589158685691179	200
15	False	15	7299587619896184094	200
5	False	5	7299587354065505567	200
0	False	{'error': {'code': 'invalid_params', 'message': '`video_id: 7299587177841757486` is invalid. Please provide a valid video id', 'log_id': '2024112520405695D4E799E6C18D175915'}}	7299587177841757486	400
1	False	1	7299586040350674206	200
0	False	{'error': {'code': 'invalid_params', 'message': '`video_id: 7299582956937596206` is invalid. Please provide a valid video id', 'log_id': '20241125204112710FDDB947FB1917323A'}}	7299582956937596206	400
20	False	20	7299580151031942446	200
7	False	7	7299579704862838046	200
0	False	0	7299579494749392174	200
7	False	7	7299578819994766635	200
1	False	1	7299576621902662942	200
11	False	11	7299576397729942830	200
0	False	0	7299575759759215918	200
14	False	14	7299574895413841183	200
1	False	1	7299571512653139243	200
3	False	3	7299568842206989610	200
1	False	1	7299567775008476462	200
0	False	0	7299565635766390058	200
14	False	14	7299565515431857451	200
11	False	11	7299565501557017899	200
2	False	2	7299565214238821674	200
3	False	3	7299564637614279982	200
2	False	2	7299563515830881578	200
4	False	4	7299562787091615022	200
10	False	10	7303021354935160094	200
4	False	4	7303021130103704878	200
0	False	{'error': {'code': 'invalid_params', 'message': 'The comments of this video are not allowed to be disclosed.', 'log_id': '202411252044536A411CB29E6401026A14'}}	7303018003317181726	400
4	False	4	7303014021035298094	200
0	False	{'error': {'code': 'invalid_params', 'message': '`video_id: 7303010992693447982` is invalid. Please provide a valid video id', 'log_id': '202411252045096480D9BFAC5B78170CDD'}}	7303010992693447982	400
0	False	0	7303010517071727918	200
80	False	80	7303009892720332062	200
0	False	0	7303009271564963118	200
13	False	13	7303008680369278251	200
3	False	3	7303000484200074538	200
1	False	1	7302999966312647978	200
0	False	0	7302999603383749930	200
9	False	9	7302999108233579819	200
13	False	13	7302996401934339370	200
0	False	0	7302995567427292447	200
5	False	5	7302995418823085354	200
4	False	4	7302994475222093098	200
7	False	7	7302993966046219562	200
0	False	0	7302993638034836766	200
8	False	8	7302993473240583470	200
3	False	3	7302982867645238570	200
1	False	1	7302977950708714794	200
13	False	13	7302973440909118766	200
0	False	0	7302972195209235758	200
0	False	0	7302967124807552302	200
3	False	3	7302966024247315755	200
5	False	5	7302966009860771114	200
17	False	17	7302960953707072810	200
0	False	0	7302955085066243359	200
42	False	42	7302954759500074286	200
0	False	0	7302954496232066347	200
9	False	9	7302952361096482078	200
9	False	9	7302950999365389610	200
2	False	2	7302949601454099755	200
0	False	0	7302948002342161695	200
0	False	0	7302945292499012910	200
0	False	0	7302936699884145951	200
94	False	94	7302926008431201567	200
12	False	12	7302923225942609198	200
2	False	2	7302923106778385710	200
4	False	4	7302922021535517994	200
0	False	0	7302917447915506974	200
94	True	94	7302915654003264798	200
104	False	10	7302915654003264798	200
5	False	5	7302914090685549870	200
0	False	0	7302913846581185835	200
68	False	68	7302913039500643626	200
6	False	6	7302912478688709934	200
6	False	6	7302912086533754142	200
1	False	1	7302905527267478830	200
0	False	{'error': {'code': 'internal_error', 'message': 'Something went wrong. Please try again later.', 'log_id': '20241125205317161C03F6FB790017CC70'}}	7302905275596557598	500
96	True	96	7302901136007384366	200
98	False	2	7302901136007384366	200
3	False	3	7302898756666576159	200
20	False	20	7302894782182067502	200
1	False	1	7302892723189583134	200
35	False	35	7302890278677990699	200
34	False	34	7302886320706276650	200
5	False	5	7302884951819603242	200
0	False	0	7302884906470772011	200
6	False	6	7302884457277639978	200
7	False	7	7302884010349530414	200
2	False	2	7302882980840688938	200
2	False	2	7302882044353219870	200
4	False	4	7302879890251058474	200
7	False	7	7302878899661311275	200
0	False	0	7297853697642515742	200
0	False	0	7297852784873934111	200
0	False	0	7297850170438438190	200
0	False	0	7297848424270187822	200
11	False	11	7297848137987771690	200
0	False	0	7297848048506490142	200
30	False	30	7297846412216192298	200
0	False	0	7297842952351534382	200
36	False	36	7297842361273437483	200
10	False	10	7297840252964572458	200
42	False	42	7297839975058410795	200
0	False	0	7297837372564147499	200
0	False	0	7297824252328185130	200
0	False	{'error': {'code': 'internal_error', 'message': 'Server Internal Error', 'log_id': '2024112520583392766CCBA95CFD17FB7F'}}	7297824128143248683	500
8	False	8	7297821592900422955	200
16	False	16	7297820818325785899	200
5	False	5	7297817657221352750	200
17	False	17	7297816975399587115	200
15	False	15	7297814210405272862	200
2	False	2	7297812522055470382	200
10	False	10	7297811152543698219	200
47	False	47	7297807208904150318	200
65	False	65	7297804704925601070	200
11	False	11	7297800464907750698	200
0	False	0	7297799062277868843	200
0	False	0	7297794810818153770	200
3	False	3	7297791976110443822	200
4	False	4	7297790161553837355	200
13	False	13	7297789957605739819	200
1	False	1	7297787880402095406	200
43	False	43	7297782868984614187	200
5	False	5	7297781661842885919	200
18	False	18	7297780950254095658	200
2	False	2	7297775126446214442	200
42	False	42	7297772997522328878	200
44	False	44	7297768565288127790	200
0	False	0	7297758638712851758	200
2	False	2	7297750313270824234	200
10	False	10	7297748235324591406	200
0	False	{'error': {'code': 'invalid_params', 'message': '`video_id: 7297747467003514154` is invalid. Please provide a valid video id', 'log_id': '202411252103191ADC7F03636C2B182F88'}}	7297747467003514154	400
6	False	6	7297738976041962795	200
4	False	4	7297735880972766506	200
97	True	97	7297735262807936299	200
140	False	43	7297735262807936299	200
0	False	0	7297735118238633262	200
1	False	1	7297734422499953963	200
12	False	12	7297732382008954155	200
3	False	3	7297727872817548586	200
9	False	9	7297724421328932126	200
1	False	1	7297718391320661294	200
9	False	9	7297716530131914026	200
0	False	0	7297715979293969695	200
35	False	35	7297715769561861418	200
0	False	0	7297715717267328286	200
34	False	34	7297715425394134315	200
2	False	2	7297711729297984810	200
31	False	31	7297710919654690090	200
27	False	27	7297710541064211755	200
0	False	0	7297706668953963819	200
0	False	0	7297704517079010590	200
27	False	27	7297703234414710058	200
3	False	3	7297698679937436971	200
2	False	2	7297698156496817454	200
0	False	0	7297696982380956958	200
0	False	{'error': {'code': 'internal_error', 'message': 'Server Internal Error', 'log_id': '202411252107457D4519E8E22E6618988F'}}	7297696675039038762	500
0	False	0	7378664471012625695	200
2	False	2	7378661259459284270	200
0	False	0	7378652969186856238	200
5	False	5	7378647254997028127	200
0	False	0	7378643872290704671	200
4	False	4	7378636671463574830	200
0	False	{'error': {'code': 'invalid_params', 'message': '`video_id: 7378633505573473579` is invalid. Please provide a valid video id', 'log_id': '20241125210850079906EBF614D917F3F7'}}	7378633505573473579	400
30	False	30	7378629801491434783	200
13	False	13	7378624743596936491	200
0	False	0	7378612344584211758	200
0	False	{'error': {'code': 'invalid_params', 'message': '`video_id: 7378606358154726687` is invalid. Please provide a valid video id', 'log_id': '20241125210922C846B20BDA26DE177296'}}	7378606358154726687	400
0	False	0	7378603161633819950	200
1	False	1	7378600862152658206	200
2	False	2	7378598585455283502	200
5	False	5	7378598148698017067	200
0	False	0	7378597628147436846	200
0	False	0	7378595431783320878	200
61	False	61	7378594579710512430	200
0	False	0	7378593999168310574	200
1	False	1	7378587355063586094	200
0	False	0	7378586214368070955	200
0	False	{'error': {'code': 'invalid_params', 'message': 'The comments of this video are not allowed to be disclosed.', 'log_id': '20241125211056A49CFF2DA0DD61162A8F'}}	7378584324863544606	400
0	False	{'error': {'code': 'invalid_params', 'message': '`video_id: 7378581986857848110` is invalid. Please provide a valid video id', 'log_id': '20241125211101C846B20BDA26DE178562'}}	7378581986857848110	400
0	False	{'error': {'code': 'invalid_params', 'message': 'The comments of this video are not allowed to be disclosed.', 'log_id': '2024112521110776F6CF5BB4789503CE8F'}}	7378580262424268075	400
0	False	0	7378580204941331755	200
0	False	0	7378578905831083306	200
0	False	{'error': {'code': 'invalid_params', 'message': '`video_id: 7378575050808560927` is invalid. Please provide a valid video id', 'log_id': '20241125211130C846B20BDA26DE17880F'}}	7378575050808560927	400
2	False	2	7378570128314682670	200
0	False	0	7378569017084218667	200
0	False	0	7378568169650212139	200
1	False	1	7378566759177047338	200
5	False	5	7378566393018584362	200
6	False	6	7378563668616744234	200
0	False	0	7378560332425465118	200
0	False	0	7378560008620969262	200
0	False	0	7378553157686775083	200
6	False	6	7378552365726584094	200
0	False	0	7378547562015378718	200
19	False	19	7378546857510702379	200
1	False	1	7378543013779328299	200
0	False	{'error': {'code': 'invalid_params', 'message': '`video_id: 7378542841598856491` is invalid. Please provide a valid video id', 'log_id': '202411252113320CDB18AE306E4018DE7B'}}	7378542841598856491	400
0	False	0	7378540141628919071	200
0	False	0	7378536505817484587	200
0	False	0	7378535482424151339	200
0	False	0	7378534932030803242	200
0	False	0	7378533247447256363	200
0	False	0	7378531817856453934	200
0	False	0	7378529520619359530	200
91	False	91	7378525907322932510	200
4	False	4	7378524617960344874	200
5	False	5	7378522382920584491	200
0	False	0	7378518047776132398	200
0	False	0	7378517639188041002	200
0	False	{'error': {'code': 'invalid_params', 'message': '`video_id: 7378515295318674734` is invalid. Please provide a valid video id', 'log_id': '2024112521152818D2FF33C41D67190FE2'}}	7378515295318674734	400
36	False	36	7378505410002816302	200
7	False	7	7378504904958332206	200
8	False	8	7378495933660630315	200
1	False	1	7378486906067111198	200
0	False	{'error': {'code': 'invalid_params', 'message': '`video_id: 7378484967724240174` is invalid. Please provide a valid video id', 'log_id': '202411252116090594934C46EAC21A3CC3'}}	7378484967724240174	400
0	False	0	7378479111804620074	200
1	False	1	7378417749518798111	200
0	False	0	7378415141257252138	200
0	False	0	7378411158635547935	200
0	False	0	7378410952284245294	200
0	False	{'error': {'code': 'invalid_params', 'message': '`video_id: 7378406547388517675` is invalid. Please provide a valid video id', 'log_id': '2024112521165997788CE6C3106E186324'}}	7378406547388517675	400
0	False	0	7384561653192396075	200
0	False	{'error': {'code': 'invalid_params', 'message': '`video_id: 7384557977065344302` is invalid. Please provide a valid video id', 'log_id': '20241125211714EA3F49F0FD96B30302C5'}}	7384557977065344302	400
0	False	0	7384548474311675167	200
0	False	0	7384547113369226527	200
0	False	0	7384538634835397934	200
0	False	{'error': {'code': 'invalid_params', 'message': 'The comments of this video are not allowed to be disclosed.', 'log_id': '202411252117464293B9E055368A1924F6'}}	7384534000271953182	400
1	False	1	7384508730253069610	200
1	False	1	7384508571909688618	200
0	False	0	7384504309699956014	200
0	False	0	7384503523028913450	200
0	False	0	7384499556324560171	200
0	False	0	7384496917172014382	200
0	False	0	7384488960581537067	200
0	False	0	7384479216051473694	200
12	False	12	7384477512212040991	200
0	False	0	7384473389454347550	200
1	False	1	7384471549039987999	200
4	False	4	7384466922517073194	200
3	False	3	7384466832402468139	200
0	False	0	7384461372957920542	200
0	False	0	7384457846114635038	200
0	False	0	7384439558097734955	200
0	False	0	7384433873398058286	200
0	False	0	7384433113612537134	200
0	False	0	7384427046316805419	200
2	False	2	7384416038953209134	200
0	False	0	7384414102547942699	200
0	False	0	7384412000903974190	200
0	False	0	7384410361287511338	200
4	False	4	7384404150483684639	200
0	False	0	7384393618267688234	200
0	False	{'error': {'code': 'invalid_params', 'message': '`video_id: 7384391524487826731` is invalid. Please provide a valid video id', 'log_id': '20241125212133E8643EC618FBA91877D7'}}	7384391524487826731	400
0	False	{'error': {'code': 'invalid_params', 'message': 'The comments of this video are not allowed to be disclosed.', 'log_id': '2024112521213843CD050D0142F11872D5'}}	7384362788908436779	400
0	False	0	7384350732222336287	200
0	False	0	7384341303284223278	200
4	False	4	7384323297913376046	200
0	False	0	7384320495660895518	200
0	False	0	7384315842013547818	200
0	False	0	7384314806641200430	200
0	False	0	7384311816978976046	200
0	False	0	7384301472034327851	200
0	False	0	7384299706152766763	200
0	False	0	7384293856256347435	200
0	False	0	7384293638383127854	200
0	False	0	7384292523109338410	200
2	False	2	7384288256088739102	200
0	False	0	7384287049869954350	200
0	False	0	7384273648846163231	200
1	False	1	7384273277163719966	200
6	False	6	7384273013249674539	200
0	False	0	7384271107295300910	200
0	False	0	7384263429395123487	200
0	False	0	7384260055224323358	200
7	False	7	7384259535831190814	200
1	False	1	7384257701066313006	200
0	False	0	7384255505645980970	200
1	False	1	7384254077552577835	200
0	False	0	7384253509996137771	200
0	False	0	7384252145790471466	200
6	False	6	7384251559972064558	200
0	False	0	7384251298540965151	200
0	False	{'error': {'code': 'invalid_params', 'message': '`video_id: 7384250627456617758` is invalid. Please provide a valid video id', 'log_id': '202411252125568299D59F5D9E9F188383'}}	7384250627456617758	400
1	False	1	7384249327377534251	200
2	False	2	7384249266056924462	200
1	False	1	7384247681146817838	200
0	False	0	7384245638701075743	200
0	False	0	7384243586176535839	200
0	False	0	7384243219162221855	200
0	False	0	7384242632022674731	200
0	False	0	7384241691517013294	200
0	False	0	7384240110251937070	200
0	False	{'error': {'code': 'invalid_params', 'message': '`video_id: 7378893130671852846` is invalid. Please provide a valid video id', 'log_id': '2024112521272422AA7A3D25F23B192B38'}}	7378893130671852846	400
0	False	0	7378892281790631211	200
0	False	0	7378882380095819050	200
1	False	1	7378882199539518763	200
0	False	0	7378878197787610398	200
0	False	0	7378874819107933482	200
0	False	0	7378873750994947370	200
86	True	86	7378870200931945774	200
118	False	32	7378870200931945774	200
0	False	{'error': {'code': 'invalid_params', 'message': '`video_id: 7378869887835311402` is invalid. Please provide a valid video id', 'log_id': '202411252128396C1C72509C24071A3BFA'}}	7378869887835311402	400
0	False	0	7378869255795707178	200
0	False	0	7378864035057405226	200
0	False	{'error': {'code': 'invalid_params', 'message': '`video_id: 7378863544944561451` is invalid. Please provide a valid video id', 'log_id': '202411252129022D35C6E039576A1AFA1B'}}	7378863544944561451	400
0	False	{'error': {'code': 'invalid_params', 'message': '`video_id: 7378856055176088878` is invalid. Please provide a valid video id', 'log_id': '20241125212907FF21C9A5EA51031A1982'}}	7378856055176088878	400
1	False	1	7378855143392972063	200
17	False	17	7378846911668735275	200
0	False	0	7378846662631984427	200
0	False	0	7378844101971741998	200
1	False	1	7378843629072190762	200
0	False	0	7378831721481030958	200
0	False	0	7378820939921870123	200
1	False	1	7378819093304003882	200
0	False	0	7378812301819776302	200
0	False	{'error': {'code': 'invalid_params', 'message': '`video_id: 7378809424011447598` is invalid. Please provide a valid video id', 'log_id': '202411252130345DEAC0A5551B3E194464'}}	7378809424011447598	400
0	False	0	7378797218062470430	200
0	False	0	7378785195392027947	200
1	False	1	7378768959648156970	200
0	False	0	7378761716806552874	200
1	False	1	7378745117634579758	200
0	False	0	7378744656743501102	200
1	False	1	7378742285917359402	200
30	False	30	7378741331167825194	200
56	False	56	7378731934056336683	200
0	False	{'error': {'code': 'invalid_params', 'message': '`video_id: 7378730594538212638` is invalid. Please provide a valid video id', 'log_id': '20241125213200695B63D665CECC063C73'}}	7378730594538212638	400
2	False	2	7378728912924380462	200
9	False	9	7378723302736399658	200
0	False	0	7378719941643783470	200
0	False	0	7378719219132878126	200
0	False	0	7378719122730863918	200
1	False	1	7378707599530806558	200
1	False	1	7378707318663318815	200
0	False	0	7378707217274391838	200
4	False	4	7378703246413532459	200
2	False	2	7378699336059899182	200
3	False	3	7378698933222198574	200
0	False	0	7378694748032240938	200
1	False	1	7378688566345485614	200
0	False	0	7378686707543199022	200
0	False	0	7378686496716459306	200
0	False	{'error': {'code': 'invalid_params', 'message': '`video_id: 7378683163926662442` is invalid. Please provide a valid video id', 'log_id': '20241125213418027D369173871219B257'}}	7378683163926662442	400
0	False	{'error': {'code': 'invalid_params', 'message': '`video_id: 7378682871969516843` is invalid. Please provide a valid video id', 'log_id': '20241125213424E272B3D5EB57551BDA3F'}}	7378682871969516843	400
0	False	0	7378682140604648746	200
0	False	0	7378681788257848607	200
0	False	0	7378680860989771054	200
0	False	0	7378679404832001323	200
0	False	0	7378675412680854827	200
1	False	1	7378674111108697386	200
0	False	0	7378673850126519595	200
2	False	2	7378672619333111083	200
0	False	0	7378671964824571182	200
0	False	{'error': {'code': 'invalid_params', 'message': '`video_id: 7378671904799853854` is invalid. Please provide a valid video id', 'log_id': '20241125213551EF9AF924975A7119EAE5'}}	7378671904799853854	400
0	False	0	7378671816409255214	200
6	False	6	7378666580063915295	200
0	False	0	7378666578621074734	200
4	False	4	7378164708416687402	200
1	False	1	7378164003983379755	200
0	False	0	7378163313768729887	200
1	False	1	7378162345069137195	200
2	False	2	7378158856058359086	200
0	False	0	7378156076572642602	200
0	False	0	7378149653600046378	200
0	False	0	7378145458046127406	200
0	False	0	7378143023483440426	200
1	False	1	7378135591038373163	200
0	False	0	7378133249932938538	200
1	False	1	7378128236959550750	200
0	False	0	7378127266779286827	200
0	False	0	7378126247349488942	200
0	False	{'error': {'code': 'invalid_params', 'message': '`video_id: 7378125041051094318` is invalid. Please provide a valid video id', 'log_id': '20241125213828498287F72D78A7195F54'}}	7378125041051094318	400
4	False	4	7378124214554938654	200
0	False	0	7378122385205087531	200
0	False	0	7378122065485778219	200
89	False	89	7378120645600759083	200
0	False	0	7378119148724833579	200
4	False	4	7378115598338788638	200
0	False	0	7378114263681912107	200
1	False	1	7378107424475139374	200
1	False	1	7378104188342897950	200
0	False	{'error': {'code': 'invalid_params', 'message': '`video_id: 7378098975867473194` is invalid. Please provide a valid video id', 'log_id': '202411252139553FB03DD909B4BA1A5D6C'}}	7378098975867473194	400
0	False	0	7378098804152651050	200
0	False	0	7378098097655647519	200
0	False	0	7378090666242428202	200
0	False	0	7378078906697452843	200
0	False	0	7378074871475031339	200
0	False	0	7378072560875097390	200
1	False	1	7378071857087450410	200
0	False	0	7378071715554823467	200
0	False	0	7378069053333622058	200
0	False	0	7378068467255102763	200
0	False	{'error': {'code': 'invalid_params', 'message': '`video_id: 7378067138671643947` is invalid. Please provide a valid video id', 'log_id': '20241125214129A4A2583CB6245117662E'}}	7378067138671643947	400
1	False	1	7378062979993980202	200
0	False	0	7378055364350151978	200
0	False	0	7378054106155339051	200
0	False	0	7378048352895749419	200
0	False	0	7378037984047828270	200
0	False	0	7378036874989833514	200
0	False	0	7378025756536114478	200
13	False	13	7378023173134044459	200
4	False	4	7378018130184146222	200
1	False	1	7378009036148444447	200
0	False	0	7378006981468032299	200
1	False	1	7378006080770657579	200
1	False	1	7378003740634123562	200
23	False	23	7377989314946403615	200
0	False	0	7377987449823169835	200
0	False	0	7377986984507215146	200
1	False	1	7377984167046303007	200
0	False	0	7377979361426787614	200
1	False	1	7377978363006225706	200
7	False	7	7377978224099200302	200
0	False	0	7377972524237278506	200
0	False	{'error': {'code': 'invalid_params', 'message': '`video_id: 7377971410687348010` is invalid. Please provide a valid video id', 'log_id': '20241125214442767C0BF759973F1A4BB1'}}	7377971410687348010	400
0	False	0	7377970517946469675	200
1	False	1	7377970226429693226	200
2	False	2	7377965572295888170	200
13	False	13	7377964877131959594	200
2	False	2	7377962724292070699	200
0	False	0	7377957086422043950	200
0	False	0	7377950301191556398	200
0	False	0	7377949879257042219	200
0	False	0	7377948834850245931	200
0	False	0	7377948390815993130	200
0	False	{'error': {'code': 'invalid_params', 'message': '`video_id: 7376680868850748718` is invalid. Please provide a valid video id', 'log_id': '20241125214616C29B62C36CF6071A4800'}}	7376680868850748718	400
0	False	0	7376680123552042282	200
1	False	1	7376677852185480494	200
75	False	75	7376675427093450027	200
0	False	0	7376673585957489963	200
0	False	0	7376660856458956078	200
0	False	{'error': {'code': 'invalid_params', 'message': '`video_id: 7376658954547416363` is invalid. Please provide a valid video id', 'log_id': '2024112521470761DB7EE3E7D8381ABBE9'}}	7376658954547416363	400
0	False	0	7376656973091048746	200
0	False	0	7376654706182982954	200
0	False	0	7376649549135269162	200
1	False	1	7376647978926247211	200
0	False	0	7376631077051436331	200
1	False	1	7376630533964500270	200
1	False	1	7376629899559193899	200
0	False	0	7376629271638379806	200
30	False	30	7376626908441660714	200
0	False	0	7376624422683151662	200
0	False	0	7376622037596605742	200
0	False	0	7376619187361369387	200
2	False	2	7376585483335273770	200
0	False	0	7376560546734165290	200
0	False	0	7376549883521666350	200
3	False	3	7376534241745685803	200
0	False	{'error': {'code': 'invalid_params', 'message': '`video_id: 7376533724340587822` is invalid. Please provide a valid video id', 'log_id': '20241125214936EBFC4EF0A1FDDD1A6452'}}	7376533724340587822	400
0	False	0	7376521810944232746	200
0	False	0	7376518919781240107	200
0	False	0	7376512615402540331	200
10	False	10	7376511025790618926	200
2	False	2	7376504888462839086	200
1	False	1	7376497115121339690	200
3	False	3	7376496477612297514	200
0	False	0	7376486647552019758	200
3	False	3	7376485593590664491	200
0	False	0	7376481453632228651	200
0	False	0	7376478419514690859	200
0	False	0	7376477317809409323	200
1	False	1	7376474829005835563	200
4	False	4	7376462850715356458	200
0	False	0	7376462836270124331	200
4	False	4	7376462396874902830	200
0	False	0	7376461010946886955	200
0	False	{'error': {'code': 'invalid_params', 'message': '`video_id: 7376458491965361450` is invalid. Please provide a valid video id', 'log_id': '2024112521521138D9BBBBD426E21A805C'}}	7376458491965361450	400
0	False	0	7376457043986713898	200
0	False	{'error': {'code': 'invalid_params', 'message': '`video_id: 7376445823917493550` is invalid. Please provide a valid video id', 'log_id': '20241125215225AACD620B03B45219D4E6'}}	7376445823917493550	400
2	False	2	7376443338347629867	200
9	False	9	7376432079317355819	200
4	False	4	7376430802726374702	200
3	False	3	7376428507926170923	200
7	False	7	7376424292268985646	200
1	False	1	7376421178115657003	200
1	False	1	7376420879179304235	200
3	False	3	7376418017246334251	200
4	False	4	7376414460229045546	200
0	False	{'error': {'code': 'invalid_params', 'message': '`video_id: 7376412344617798955` is invalid. Please provide a valid video id', 'log_id': '202411252153532FE708E4D8BCE819F573'}}	7376412344617798955	400
0	False	0	7376405968890023214	200
3	False	3	7376405847641001258	200
98	True	98	7376404909253463338	200
190	True	92	7376404909253463338	200
285	True	95	7376404909253463338	200
324	False	39	7376404909253463338	200
0	False	0	7376404210646060330	200
2	False	2	7376403017945369899	200
16	False	16	7376402826995567918	200
1	False	1	7376402693805395242	200
1	False	1	7376402377743682859	200
3	False	3	7376401739890576683	200
0	False	{'error': {'code': 'invalid_params', 'message': '`video_id: 7376400843534421294` is invalid. Please provide a valid video id', 'log_id': '20241125215546BA961F43AFF6D918A9A0'}}	7376400843534421294	400
5	False	5	7376400519952125226	200
6	False	6	7376399221433371947	200
3	False	3	7376398334291905838	200
3	False	3	7376394423015378218	200
0	False	0	7376388184428563754	200
0	False	0	7376384380417084714	200
1	False	1	7379387966977821994	200
23	False	23	7379385324314709291	200
2	False	2	7379381420151688478	200
0	False	0	7379379549307473194	200
2	False	2	7379374846477700395	200
0	False	0	7379363036320091435	200
8	False	8	7379358890317745454	200
0	False	0	7379358463484284206	200
1	False	1	7379357887539268910	200
1	False	1	7379346830955400479	200
0	False	0	7379339714056260894	200
11	False	11	7379337393804954922	200
0	False	0	7379336240958606623	200
0	False	0	7379335623808683310	200
0	False	0	7379333726678994222	200
0	False	0	7379331289888984366	200
0	False	0	7379331191163342123	200
0	False	{'error': {'code': 'invalid_params', 'message': 'The comments of this video are not allowed to be disclosed.', 'log_id': '20241125215917956592F08F87BD1A5B86'}}	7379329234076142894	400
1	False	1	7379328571682114862	200
