0	False	0	7353791943429770539	200
0	False	0	7353781370864389419	200
0	False	0	7353772001997180203	200
0	False	0	7353767289692540206	200
0	False	0	7353753629821504814	200
0	False	{'error': {'code': 'invalid_params', 'message': '`video_id: 7353732441036639531` is invalid. Please provide a valid video id', 'log_id': '2024090404524443DCC7D5477901036B41'}}	7353732441036639531	400
0	False	0	7353725875793186078	200
0	False	0	7353722121484438815	200
0	False	0	7353682736902638891	200
0	False	0	7353676327196577067	200
0	False	0	7353664646781488427	200
0	False	0	7353632498397531434	200
0	False	0	7353629602213858590	200
0	False	0	7353625120100945183	200
0	False	0	7353624952429497642	200
0	False	0	7353620852740607278	200
3	False	3	7353585154541112618	200
3	False	3	7353541620094143790	200
0	False	0	7353514240373689646	200
0	False	0	7353497828125199647	200
5	False	5	7353471565691948331	200
0	False	0	7353468492143725867	200
0	False	0	7353467643871005998	200
0	False	0	7353456224433753386	200
1	False	1	7353453874121870634	200
3	False	3	7353436229972544810	200
0	False	0	7353416919791193387	200
0	False	0	7353416460732992810	200
0	False	0	7353415195806453035	200
3	False	3	7353414618473123114	200
1	False	1	7353411233082608938	200
0	False	0	7353411122369695006	200
0	False	0	7353410733113183530	200
1	False	1	7353410620844461358	200
3	False	3	7353406588721302826	200
2	False	2	7353403633968368938	200
0	False	0	7353402764568890666	200
17	False	17	7353401435603766574	200
0	False	0	7353396327167954218	200
0	False	0	7353394223183383850	200
1	False	1	7353390130259971370	200
1	False	1	7353389261275647262	200
2	False	2	7353386096715189546	200
4	False	4	7353385831106727210	200
2	False	2	7353382969798675754	200
0	False	0	7353375929130814766	200
0	False	0	7353375775514447146	200
0	False	0	7353374255054212394	200
0	False	0	7353374110967287082	200
0	False	0	7353373283158445354	200
0	False	0	7353373227051273514	200
1	False	1	7353370657968639274	200
0	False	0	7353365157747199275	200
2	False	2	7353362227711184158	200
24	False	24	7353360943495056683	200
0	False	0	7353360594130455839	200
0	False	0	7353360144845081898	200
3	False	3	7354049035923164459	200
2	False	2	7354048892163394859	200
10	False	10	7354044483916336426	200
0	False	0	7354044185885936939	200
0	False	0	7354043780934143274	200
0	False	0	7354043370823519530	200
4	False	4	7354042507317071150	200
0	False	0	7354040151120579886	200
0	False	0	7354037959651314987	200
0	False	0	7354037771951967519	200
1	False	1	7354037694516727071	200
0	False	0	7354037153636142379	200
2	False	2	7354032150879997230	200
0	False	0	7354029734688197931	200
0	False	0	7354026813724691758	200
0	False	0	7354025882182225195	200
0	False	0	7354024137909669162	200
0	False	0	7354023426685766958	200
1	False	1	7354016141108366623	200
0	False	0	7354010696163527979	200
0	False	0	7354005694019915050	200
1	False	1	7354005221959404831	200
30	False	30	7354004798007561514	200
0	False	0	7354001757808151850	200
9	False	9	7353997055225793834	200
1	False	1	7353996852687113515	200
6	False	6	7353996320295750955	200
1	False	1	7353993808163523883	200
2	False	2	7353992909206736170	200
1	False	1	7353990955751574827	200
37	False	37	7353987341003853098	200
0	False	0	7353984381867871531	200
3	False	3	7353980178227301663	200
4	False	4	7353974373415456046	200
0	False	0	7353971560954285355	200
99	True	99	7353961775521484075	200
198	True	99	7353961775521484075	200
298	True	100	7353961775521484075	200
397	True	99	7353961775521484075	200
423	False	26	7353961775521484075	200
0	False	0	7353934292285738283	200
1	False	1	7353919563597090090	200
0	False	0	7353915143409077550	200
0	False	0	7353914952891125035	200
3	False	3	7353910843777715502	200
2	False	2	7353908674315783467	200
0	False	0	7353902789342399774	200
1	False	1	7353895286214905118	200
0	False	0	7353893669797121322	200
1	False	1	7353888813124554030	200
6	False	6	7353884476205829422	200
3	False	3	7353879558518557983	200
0	False	0	7353869568583978270	200
6	False	6	7353868819544362286	200
0	False	0	7353865781093993759	200
0	False	0	7353865689511382314	200
1	False	1	7353865468614118698	200
87	True	87	7353860415513791786	200
182	True	95	7353860415513791786	200
280	True	98	7353860415513791786	200
379	True	99	7353860415513791786	200
479	True	100	7353860415513791786	200
578	True	99	7353860415513791786	200
676	True	98	7353860415513791786	200
774	True	98	7353860415513791786	200
874	True	100	7353860415513791786	200
971	True	97	7353860415513791786	200
999	True	28	7353860415513791786	200
1000	True	1	7353860415513791786	200
1000	False	{'error': {'code': 'invalid_params', 'message': '`cursor: 1000` is invalid. Please provide an integer within [0, 999]', 'log_id': '202409040510553BA73D1BECE7CA03A628'}}	7353860415513791786	400
5	False	5	7353859514593987886	200
1	False	1	7353857586799676714	200
1	False	1	7353856845657804075	200
0	False	0	7353854583334128938	200
4	False	4	7353854306732215594	200
0	False	0	7353853638856543531	200
0	False	{'error': {'code': 'invalid_params', 'message': '`video_id: 7353851587032386859` is invalid. Please provide a valid video id', 'log_id': '20240904051156C2357E1A325F570391E2'}}	7353851587032386859	400
0	False	0	7353851579834862890	200
1	False	1	7358952317779004715	200
0	False	0	7358951368826064170	200
2	False	2	7358949374958882094	200
0	False	0	7358944182423031083	200
2	False	2	7358943958996716842	200
16	False	16	7358940286418210094	200
6	False	6	7358939312458796334	200
87	False	87	7358933866259762474	200
0	False	0	7358933612152180014	200
0	False	0	7358933141924465962	200
14	False	14	7358930004685770027	200
0	False	0	7358929129967766830	200
9	False	9	7358926691776859438	200
0	False	0	7358925543430950186	200
22	False	22	7358924825374625066	200
0	False	0	7358922688284380446	200
19	False	19	7358917292345888046	200
2	False	2	7358917166911016234	200
3	False	3	7358904847728397599	200
14	False	14	7358903934167043371	200
1	False	1	7358903604578913582	200
3	False	3	7358902362104237355	200
0	False	0	7358899914119679278	200
0	False	0	7358898129422257451	200
0	False	0	7358897750181727530	200
1	False	1	7358897607407635755	200
5	False	5	7358897170281549102	200
0	False	0	7358896758002437419	200
12	False	12	7358894643712478510	200
2	False	2	7358891405588090155	200
0	False	0	7358888625725001002	200
4	False	4	7358886651659144490	200
11	False	11	7358886423719693610	200
13	False	13	7358886353125362987	200
0	False	0	7358883980646550826	200
0	False	0	7358883020104895786	200
0	False	0	7358882555648724270	200
4	False	4	7358879683225783598	200
7	False	7	7358879057267739946	200
17	False	17	7358878902367849770	200
5	False	5	7358878496497634603	200
0	False	0	7358878061561023790	200
0	False	0	7358874849567182122	200
1	False	1	7358869910505688363	200
5	False	5	7358867648236539179	200
0	False	0	7358866049032359210	200
2	False	2	7358862332098907434	200
6	False	6	7358861277818539307	200
14	False	14	7358859495423970603	200
10	False	10	7358858604734090539	200
14	False	14	7358855165610315051	200
0	False	0	7358853425603366190	200
6	False	6	7358850248992754986	200
7	False	7	7358846049382976810	200
0	False	0	7358843158928624938	200
14	False	14	7358842887913819438	200
3	False	3	7358840960538791198	200
6	False	6	7358838583760915758	200
0	False	0	7358836098493107499	200
0	False	0	7358835316830014762	200
0	False	0	7358830789628349739	200
0	False	0	7358830626759298350	200
7	False	7	7358816860210466090	200
0	False	0	7358810497690520878	200
32	False	32	7358804377794121002	200
0	False	0	7360902129902570794	200
0	False	0	7360901387594616107	200
2	False	2	7360900271297318187	200
0	False	0	7360899284352388394	200
0	False	0	7360894862960463146	200
0	False	0	7360891915027533102	200
0	False	0	7360891300431793450	200
0	False	0	7360891054834371883	200
0	False	0	7360890883891334442	200
0	False	0	7360887341738741023	200
0	False	0	7360881748126731551	200
1	False	1	7360875653874355498	200
0	False	0	7360869757043674414	200
0	False	0	7360868274516659486	200
0	False	0	7360868167238831402	200
0	False	0	7360867043089927466	200
1	False	1	7360864021962132778	200
0	False	0	7360862913873186090	200
0	False	0	7360862853693345070	200
0	False	0	7360860058449906990	200
9	False	9	7360859227017071914	200
0	False	0	7360858528573181230	200
0	False	0	7360857897565277471	200
0	False	0	7360843442672471338	200
0	False	0	7360837536782028074	200
0	False	0	7360836354420346155	200
0	False	0	7360835371552247071	200
0	False	0	7360834019166129454	200
0	False	0	7360830662825348395	200
1	False	1	7360830447179337003	200
79	False	79	7360827572810255662	200
0	False	0	7360826611723275551	200
0	False	0	7360823665870507306	200
0	False	0	7360820194266123563	200
0	False	0	7360815247533591854	200
0	False	0	7360813441268976927	200
0	False	0	7360809889486130478	200
0	False	0	7360809362824219946	200
0	False	0	7360808787365596458	200
2	False	2	7360802073157340462	200
0	False	0	7360799845445176622	200
0	False	0	7360797554876976426	200
0	False	0	7360796282249628971	200
0	False	0	7360794870522613038	200
0	False	0	7360793579964468523	200
3	False	3	7360785941436402987	200
0	False	0	7360785664742411563	200
0	False	0	7360784151747857706	200
0	False	0	7360783388980071723	200
0	False	0	7360782716108950826	200
0	False	0	7360782628112321838	200
0	False	0	7360778836759301419	200
5	False	5	7360776917756202286	200
0	False	0	7360776270898023723	200
0	False	0	7360771389592259882	200
3	False	3	7360769649811819822	200
0	False	0	7360768178999397663	200
0	False	0	7360767884324392234	200
0	False	0	7360766477735087403	200
11	False	11	7360765477376757035	200
0	False	{'error': {'code': 'invalid_params', 'message': 'The comments of this video are not allowed to be disclosed.', 'log_id': '202409040531359CB1400908DD8B045BFC'}}	7360761356511104302	400
0	False	0	7360760277530578222	200
0	False	0	7360757649748561194	200
0	False	0	7360753390919355694	200
0	False	0	7353298528518851886	200
0	False	0	7353295501686476075	200
1	False	1	7353287487604788522	200
14	False	14	7353284567639313707	200
0	False	0	7353281589381582123	200
1	False	1	7353281478798740779	200
9	False	9	7353277208837901610	200
1	False	1	7353274611653430571	200
0	False	0	7353273331040259371	200
0	False	0	7353272341570260255	200
0	False	{'error': {'code': 'invalid_params', 'message': '`video_id: 7353268952245505322` is invalid. Please provide a valid video id', 'log_id': '20240904053342749251841536CE0447AB'}}	7353268952245505322	400
1	False	1	7353266465883311406	200
7	False	7	7353266172940373291	200
0	False	0	7353265564002864414	200
0	False	0	7353264660428311854	200
65	False	65	7353259160554769706	200
4	False	4	7353258379277520159	200
0	False	0	7353256760230087979	200
0	False	{'error': {'code': 'invalid_params', 'message': '`video_id: 7353249922163952939` is invalid. Please provide a valid video id', 'log_id': '202409040534510EF1D22E682D34042596'}}	7353249922163952939	400
27	False	27	7353249036901649707	200
0	False	0	7353248422599740715	200
0	False	0	7353244753745464619	200
0	False	0	7353242606186417450	200
3	False	3	7353240579943320875	200
1	False	1	7353239670853209390	200
0	False	0	7353236531617729834	200
0	False	0	7353235975553797422	200
0	False	0	7353234630717328682	200
3	False	3	7353234142156442923	200
1	False	1	7353233656703454507	200
2	False	2	7353233192222018859	200
1	False	1	7353232677249518894	200
0	False	0	7353224154042207534	200
3	False	3	7353199113481096490	200
0	False	0	7353194275783380270	200
0	False	0	7353193476311321898	200
8	False	8	7353192293236722990	200
0	False	0	7353181135519616299	200
2	False	2	7353178200207379755	200
0	False	0	7353178057701641515	200
0	False	0	7353170172389248298	200
1	False	1	7353169320920239402	200
0	False	0	7353166303940644139	200
0	False	0	7353164841642691886	200
1	False	1	7353148487363595563	200
0	False	0	7353147960152149291	200
27	False	27	7353147920503328046	200
0	False	0	7353144123613990190	200
0	False	0	7353141982723591466	200
0	False	0	7353133037875416366	200
13	False	13	7353131029646937390	200
0	False	0	7353129177597431082	200
1	False	1	7353125383379701034	200
44	False	44	7353123596908416302	200
1	False	1	7353117726363094315	200
0	False	0	7353113700447866154	200
1	False	1	7353112539787463967	200
0	False	0	7353112110714457386	200
0	False	0	7353111505602170158	200
2	False	2	7353110233620942126	200
0	False	0	7353106290295491886	200
3	False	3	7353105661732982058	200
1	False	1	7353100531172166954	200
0	False	0	7353100321385696555	200
0	False	0	7353100191970381099	200
2	False	2	7353097312580701483	200
0	False	0	7353096567647210795	200
1	False	1	7353095654018665770	200
0	False	0	7353095416973462827	200
0	False	0	7353095394202553646	200
0	False	0	7353094909722758443	200
2	False	2	7353092451436940587	200
0	False	0	7353090679972842798	200
0	False	0	7353087868010499358	200
1	False	1	7353083389638937899	200
0	False	0	7353081713389571374	200
0	False	0	7353077034798665002	200
0	False	{'error': {'code': 'invalid_params', 'message': '`video_id: 7355241698106068267` is invalid. Please provide a valid video id', 'log_id': '20240904054348753ECA9284C62904168D'}}	7355241698106068267	400
0	False	0	7355241278075850014	200
3	False	3	7355240767721393451	200
2	False	2	7355239408414493995	200
0	False	0	7355236494199590186	200
0	False	0	7355231402415181098	200
0	False	0	7355229896529939742	200
9	False	9	7355224619873209630	200
6	False	6	7355223821843959083	200
76	False	76	7355223014398496042	200
11	False	11	7355222106256280875	200
3	False	3	7355219041138625838	200
0	False	{'error': {'code': 'invalid_params', 'message': '`video_id: 7355218247085608234` is invalid. Please provide a valid video id', 'log_id': '20240904054534A393F81A9F3F4804DEA2'}}	7355218247085608234	400
3	False	3	7355217200661220650	200
12	False	12	7355214601438367022	200
1	False	1	7355212877667601706	200
0	False	0	7355212633668324654	200
18	False	18	7355208361308310830	200
0	False	0	7355207596522917162	200
5	False	5	7355206127111376171	200
0	False	0	7355197300664257838	200
0	False	0	7355197036699880746	200
4	False	4	7355189003332635950	200
56	False	56	7355187378522197290	200
12	False	12	7355186035812224299	200
3	False	3	7355182065496739114	200
22	False	22	7355180744077102366	200
26	False	26	7355174414251527467	200
0	False	0	7355170854453398830	200
1	False	1	7355169866141240619	200
2	False	2	7355169526578777386	200
3	False	3	7355165325878365482	200
2	False	2	7355164223661575470	200
6	False	6	7355163536223505710	200
4	False	4	7355162328050027822	200
3	False	3	7355161774737362219	200
0	False	0	7355161299522784555	200
4	False	4	7355160926351314218	200
1	False	1	7355160543885397278	200
10	False	10	7355159741577956638	200
2	False	2	7355157611920100650	200
1	False	1	7355157499731021102	200
0	False	0	7355156763714276654	200
1	False	1	7355155377530457387	200
4	False	4	7355153772898684203	200
0	False	0	7355153049762958634	200
0	False	0	7355147449524047135	200
2	False	2	7355146537736965419	200
4	False	4	7355145107881921834	200
3	False	3	7355143813683334443	200
7	False	7	7355142764457102638	200
1	False	1	7355139671661301022	200
29	False	29	7355138781890071850	200
7	False	7	7355137779707235627	200
99	True	99	7355137446428003630	200
198	True	99	7355137446428003630	200
298	True	100	7355137446428003630	200
335	False	37	7355137446428003630	200
10	False	10	7355133568638569771	200
1	False	1	7355133454910115115	200
1	False	1	7355130783113252142	200
1	False	1	7355129948908096810	200
1	False	1	7355123243579165982	200
2	False	2	7355122288527789342	200
91	False	91	7355117307531693354	200
3	False	3	7355109858053606702	200
0	False	0	7355101391741865258	200
3	False	3	7355101329271983406	200
34	False	34	7355098900082019614	200
4	False	4	7355098866942774574	200
26	False	26	7355098693336436010	200
3	False	3	7355097639496518942	200
11	False	11	7353075047487081770	200
1	False	1	7353071425152044334	200
0	False	{'error': {'code': 'invalid_params', 'message': '`video_id: 7353067202355957035` is invalid. Please provide a valid video id', 'log_id': '20240904055459B5FD183AD0849D050C63'}}	7353067202355957035	400
0	False	0	7353061804148411679	200
0	False	0	7353061664792612139	200
3	False	3	7353056399024262446	200
1	False	1	7353053929682308395	200
4	False	4	7353052835371633966	200
1	False	1	7353047987230199082	200
0	False	0	7353047071219289387	200
0	False	0	7353046542074350891	200
5	False	5	7353045463756541227	200
0	False	0	7353044223928634667	200
0	False	0	7353043546078858539	200
0	False	{'error': {'code': 'invalid_params', 'message': '`video_id: 7353025184829328682` is invalid. Please provide a valid video id', 'log_id': '2024090405564315B5624B1EB268047B85'}}	7353025184829328682	400
3	False	3	7353022034286447918	200
0	False	0	7353020833935199534	200
5	False	5	7353019795232541983	200
0	False	0	7353019285046086958	200
0	False	0	7353018767246380330	200
0	False	0	7353016153016470827	200
1	False	1	7353014303282220330	200
4	False	4	7353012269090901294	200
1	False	1	7353009346789281066	200
48	False	48	7353006993545661738	200
0	False	0	7353005788249541930	200
2	False	2	7353005520615197998	200
0	False	0	7352999182346571051	200
0	False	0	7352997259321101611	200
1	False	1	7352996449946307883	200
0	False	{'error': {'code': 'invalid_params', 'message': '`video_id: 7352990011626753326` is invalid. Please provide a valid video id', 'log_id': '2024090405590592B3C4C4CD57FB052C33'}}	7352990011626753326	400
0	False	0	7352989554313399594	200
3	False	3	7352983387440794923	200
0	False	0	7352983111782731050	200
0	False	0	7352980913023749418	200
2	False	2	7352972423081315630	200
3	False	3	7352971462925438251	200
0	False	0	7352969748985957675	200
0	False	0	7352967919090912542	200
29	False	29	7352967717013474602	200
0	False	0	7352961077983956266	200
32	False	32	7352959157873462558	200
2	False	2	7352959119353040158	200
1	False	1	7352957408068504863	200
1	False	1	7352955048856522026	200
0	False	0	7352953081178492202	200
0	False	0	7352950692576873770	200
2	False	2	7352947263674764590	200
0	False	{'error': {'code': 'invalid_params', 'message': '`video_id: 7352945235011308843` is invalid. Please provide a valid video id', 'log_id': '202409040601450CD2828770D1CE04D2A2'}}	7352945235011308843	400
3	False	3	7352944959261101354	200
0	False	0	7352938246613110059	200
0	False	0	7352938179525135658	200
0	False	0	7354114421343489326	200
7	False	7	7354111991679552811	200
0	False	0	7354111319768976682	200
4	False	4	7354106876201602347	200
3	False	3	7354106316954127658	200
1	False	1	7354105213474721055	200
0	False	0	7354104069717363998	200
1	False	1	7354103190230519083	200
3	False	3	7354093264552840494	200
3	False	3	7354091356576288043	200
0	False	0	7354091020268621099	200
0	False	0	7354090488229678379	200
2	False	2	7354089378131545386	200
0	False	0	7354088574104423723	200
0	False	0	7354085517727747359	200
1	False	1	7354084861423979819	200
0	False	0	7354084055534603563	200
4	False	4	7354081339366411566	200
4	False	4	7354079324804238638	200
22	False	22	7354077166818086187	200
0	False	0	7354074686038363422	200
1	False	1	7354073341952658719	200
0	False	0	7354072774744362271	200
69	False	69	7354070649075191086	200
5	False	5	7354070189081693482	200
0	False	0	7354069184348835103	200
6	False	6	7354066894313360682	200
11	False	11	7354064869554982186	200
1	False	1	7354060719849082154	200
2	False	2	7354060442173443374	200
1	False	1	7354056693279411487	200
0	False	0	7354055142943001902	200
0	False	0	7354053336124951839	200
1	False	1	7354050069902921006	200
0	False	0	7354049966060408107	200
1	False	1	7363813791508778283	200
0	False	0	7363812818786733354	200
0	False	0	7363812456587709739	200
0	False	0	7363812125980151086	200
1	False	1	7363810875653836074	200
5	False	5	7363810676302695726	200
0	False	0	7363809638430641451	200
2	False	2	7363799823507606815	200
2	False	2	7363797471799151915	200
3	False	3	7363796885145980202	200
3	False	3	7363795265725173035	200
0	False	0	7363792419650866474	200
2	False	2	7363789240527752490	200
2	False	2	7363788338987388202	200
3	False	3	7363787108097543466	200
16	False	16	7363786942984539434	200
3	False	3	7363786124596104490	200
31	False	31	7363785768839482667	200
6	False	6	7363783012896607531	200
1	False	1	7363780750388350251	200
10	False	10	7363780703399447850	200
7	False	7	7363779686956158239	200
2	False	2	7363777489644178719	200
0	False	0	7363776579362688298	200
1	False	1	7363772680279051563	200
4	False	4	7363767572661128490	200
0	False	0	7363767403789978922	200
8	False	8	7363767241348746542	200
1	False	1	7363766943972724011	200
31	False	31	7363766912766987563	200
0	False	0	7363761889836322090	200
6	False	6	7363761639583124779	200
0	False	0	7363760865490816298	200
1	False	1	7363760015682948395	200
0	False	0	7363757317122247978	200
16	False	16	7363757108807945514	200
4	False	4	7363756859225902379	200
0	False	0	7363756109422759210	200
0	False	0	7363755759928085802	200
0	False	0	7363754933864221995	200
4	False	4	7363754052217228586	200
1	False	1	7363751845707304238	200
59	False	59	7363745747503844654	200
0	False	0	7363744136886766890	200
48	False	48	7363738735688699179	200
2	False	2	7363737768335379754	200
6	False	6	7363733493005962542	200
0	False	0	7363730903996042542	200
2	False	2	7363730544946941230	200
0	False	0	7363725908982664490	200
8	False	8	7363719259769490734	200
6	False	6	7363718018028899627	200
9	False	9	7363717303713680682	200
0	False	0	7363715530735373611	200
0	False	0	7363715481326406955	200
2	False	2	7363710186260860203	200
2	False	2	7363708950560197930	200
28	False	28	7363708512519720234	200
19	False	19	7363705759609277739	200
28	False	28	7363705587256872234	200
30	False	30	7363705111723527466	200
0	False	0	7363703698578705710	200
0	False	0	7363703206188223786	200
3	False	3	7363701740576705834	200
2	False	2	7363692191211916586	200
1	False	1	7363692114565401902	200
0	False	0	7363690285416582446	200
0	False	0	7363687998610836778	200
0	False	0	7363687584209341738	200
3	False	3	7363685594394053934	200
0	False	{'error': {'code': 'invalid_params', 'message': 'The comments of this video are not allowed to be disclosed.', 'log_id': '2024090406181434C48891CB05BF053B15'}}	7363685530615188782	400
0	False	0	7363677633579732266	200
10	False	10	7363675550965173547	200
0	False	0	7363675452105411882	200
0	False	0	7363674394637503774	200
0	False	0	7363672801233915179	200
1	False	1	7363667381744438571	200
1	False	1	7363666310699552042	200
0	False	0	7363666281062501674	200
3	False	3	7363662735906786606	200
0	False	0	7363657805779340590	200
3	False	3	7363656982655487275	200
98	True	98	7363655849451015466	200
183	False	85	7363655849451015466	200
2	False	2	7363655064143138094	200
2	False	2	7363654188175232302	200
1	False	1	7363654083099512094	200
1	False	1	7354746531309718827	200
3	False	3	7354744280381951274	200
8	False	8	7354724686111968558	200
2	False	2	7354719053065358635	200
1	False	1	7354718306764377387	200
22	False	22	7354717837342166315	200
0	False	0	7354717804446141739	200
11	False	11	7354702153920957742	200
3	False	3	7354687729084435742	200
7	False	7	7354674380867128619	200
0	False	{'error': {'code': 'invalid_params', 'message': '`video_id: 7354648400819768619` is invalid. Please provide a valid video id', 'log_id': '20240904062215A7F0CB368F614305D12B'}}	7354648400819768619	400
5	False	5	7354603666881531179	200
2	False	2	7354592674998996270	200
0	False	0	7354575980788223275	200
0	False	{'error': {'code': 'invalid_params', 'message': '`video_id: 7354575928023846190` is invalid. Please provide a valid video id', 'log_id': '20240904062248055BDE53A76CE70558BF'}}	7354575928023846190	400
0	False	{'error': {'code': 'invalid_params', 'message': '`video_id: 7354575325679865131` is invalid. Please provide a valid video id', 'log_id': '2024090406225307FFF2C96A0C1505561F'}}	7354575325679865131	400
1	False	1	7354574973534489899	200
2	False	2	7354574076553284907	200
0	False	0	7354570844850359595	200
4	False	4	7354570837455949098	200
9	False	9	7354568700969848110	200
27	False	27	7354565849023253802	200
1	False	1	7354564486600101166	200
3	False	3	7354561748927614251	200
14	False	14	7354561589468728622	200
0	False	0	7354561423265041710	200
0	False	0	7354556289885719850	200
28	False	28	7354555878135139627	200
2	False	2	7354554325768637739	200
13	False	13	7354554185079131435	200
0	False	0	7354551453299625259	200
100	True	100	7354548245172981034	200
199	True	99	7354548245172981034	200
299	True	100	7354548245172981034	200
379	False	80	7354548245172981034	200
9	False	9	7354547044876569902	200
93	False	93	7354543949308087598	200
1	False	1	7354541238969830699	200
0	False	0	7354540218906823982	200
2	False	2	7354539876500507947	200
1	False	1	7354532935724305710	200
1	False	1	7354531879271353642	200
0	False	0	7354531511296625963	200
1	False	1	7354530664219266346	200
83	False	83	7354528469247593770	200
9	False	9	7354526837000736042	200
46	False	46	7354524867380776235	200
11	False	11	7354524217615928618	200
0	False	0	7354517956409216299	200
12	False	12	7354517940240370990	200
0	False	0	7354516898563902762	200
6	False	6	7354509283553266987	200
5	False	5	7354500128746655006	200
10	False	10	7354498597355851051	200
5	False	5	7354493819968113962	200
7	False	7	7354492266788048171	200
0	False	{'error': {'code': 'invalid_params', 'message': '`video_id: 7354488983868542251` is invalid. Please provide a valid video id', 'log_id': '20240904062901159F4DE591EF45058229'}}	7354488983868542251	400
0	False	0	7354484630382365998	200
7	False	7	7354483782134648107	200
10	False	10	7354483225563106602	200
6	False	6	7354481411899804970	200
33	False	33	7354480819978669342	200
0	False	0	7354480359557385514	200
0	False	{'error': {'code': 'invalid_params', 'message': '`video_id: 7354899563821681966` is invalid. Please provide a valid video id', 'log_id': '2024090406300189E90D8FEA1F82053916'}}	7354899563821681966	400
0	False	{'error': {'code': 'invalid_params', 'message': '`video_id: 7354897496251977003` is invalid. Please provide a valid video id', 'log_id': '202409040630063D320E1AF1BBF90538FD'}}	7354897496251977003	400
1	False	1	7354870928112749855	200
0	False	0	7354863635191156010	200
5	False	5	7354855956804635946	200
100	True	100	7354855842044267819	200
160	False	60	7354855842044267819	200
97	True	97	7354852777522351406	200
196	True	99	7354852777522351406	200
291	True	95	7354852777522351406	200
371	False	80	7354852777522351406	200
1	False	1	7354849420678090027	200
7	False	7	7354848889868029230	200
0	False	0	7354847401749908782	200
81	False	81	7354842397156658474	200
30	False	30	7354841950161325354	200
7	False	7	7354841057185631530	200
1	False	1	7354840391692143918	200
3	False	3	7354839249251798314	200
6	False	6	7354838916937305390	200
2	False	2	7354834208419876139	200
0	False	0	7354834200761093418	200
0	False	0	7354828734785932587	200
0	False	0	7354826705141321002	200
0	False	0	7354825680464416043	200
19	False	19	7354821858262306079	200
0	False	0	7354820186832244014	200
1	False	1	7354819129603296554	200
1	False	1	7354812085324369195	200
7	False	7	7354806009912626474	200
2	False	2	7354805394046225706	200
6	False	6	7354803972789636398	200
2	False	2	7354802754646428974	200
0	False	{'error': {'code': 'invalid_params', 'message': 'The comments of this video are not allowed to be disclosed.', 'log_id': '20240904063452B01C619C7A4110062FE4'}}	7354789270923529515	400
0	False	0	7354784013032099115	200
0	False	0	7354783076641197355	200
100	True	100	7354778870937111851	200
200	True	100	7354778870937111851	200
300	True	100	7354778870937111851	200
331	False	31	7354778870937111851	200
4	False	4	7354778726741069099	200
6	False	6	7354772975775747370	200
3	False	3	7354771328156568874	200
99	True	99	7354770802069245227	200
199	True	100	7354770802069245227	200
298	True	99	7354770802069245227	200
397	True	99	7354770802069245227	200
497	True	100	7354770802069245227	200
596	True	99	7354770802069245227	200
695	True	99	7354770802069245227	200
794	True	99	7354770802069245227	200
893	True	99	7354770802069245227	200
993	True	100	7354770802069245227	200
1000	True	7	7354770802069245227	200
1000	False	{'error': {'code': 'invalid_params', 'message': '`cursor: 1000` is invalid. Please provide an integer within [0, 999]', 'log_id': '20240904063749BE79ED4FD25DF905B34B'}}	7354770802069245227	400
4	False	4	7354764549750361390	200
10	False	10	7354760569704041771	200
2	False	2	7354755272113507626	200
0	False	0	7354753747861474590	200
0	False	{'error': {'code': 'invalid_params', 'message': 'The comments of this video are not allowed to be disclosed.', 'log_id': '20240904063831811DAD1BB7F2DA05A297'}}	7354751481972624682	400
16	False	16	7354750197928398122	200
65	False	65	7354749829924310314	200
2	False	2	7354748950701755690	200
45	False	45	7354747669962640683	200
0	False	0	7354746679146466606	200
83	False	83	7354746545968844074	200
2	False	2	7354740176893087019	200
1	False	1	7354734861283773738	200
9	False	9	7354727637056572714	200
2	False	2	7354717995270425902	200
0	False	0	7354717001119452447	200
2	False	2	7354709965048761646	200
32	False	32	7354709460004146462	200
1	False	1	7354706235398049067	200
35	False	35	7354698852131228970	200
8	False	8	7354698206770449706	200
1	False	1	7354692948702858526	200
8	False	8	7354683288553819435	200
15	False	15	7354678709493845290	200
3	False	3	7354665778332945707	200
0	False	{'error': {'code': 'invalid_params', 'message': '`video_id: 7354660807227034926` is invalid. Please provide a valid video id', 'log_id': '202409040641383A83DB52D5B96905B895'}}	7354660807227034926	400
0	False	{'error': {'code': 'invalid_params', 'message': '`video_id: 7354656231585287467` is invalid. Please provide a valid video id', 'log_id': '2024090406414374E2BC4CA5DFD2057C20'}}	7354656231585287467	400
0	False	{'error': {'code': 'invalid_params', 'message': '`video_id: 7354653768182517035` is invalid. Please provide a valid video id', 'log_id': '2024090406414919843B988321A705CEB3'}}	7354653768182517035	400
6	False	6	7362915921071017259	200
6	False	6	7362915862296186155	200
7	False	7	7362912871979683114	200
5	False	5	7362912532144639274	200
5	False	5	7362909154693975339	200
5	False	5	7362905207161867562	200
6	False	6	7362904000338873646	200
2	False	2	7362902546689609002	200
1	False	1	7362901791610096939	200
3	False	3	7362899492351298858	200
8	False	8	7362895746275740971	200
5	False	5	7362893542882102570	200
2	False	2	7362893348190915883	200
2	False	2	7362880263711493406	200
6	False	6	7362874511177403691	200
0	False	0	7362859836725382442	200
2	False	2	7362857093373775146	200
0	False	0	7362855456374525227	200
1	False	1	7362830590678207787	200
42	False	42	7362820338532486443	200
96	True	96	7362812711442615598	200
194	True	98	7362812711442615598	200
279	True	85	7362812711442615598	200
374	True	95	7362812711442615598	200
467	True	93	7362812711442615598	200
562	True	95	7362812711442615598	200
658	True	96	7362812711442615598	200
752	True	94	7362812711442615598	200
848	True	96	7362812711442615598	200
943	True	95	7362812711442615598	200
998	True	55	7362812711442615598	200
1000	True	2	7362812711442615598	200
1000	False	{'error': {'code': 'invalid_params', 'message': '`cursor: 1000` is invalid. Please provide an integer within [0, 999]', 'log_id': '202409040646275F6B2BC2696D3A0595C6'}}	7362812711442615598	400
15	False	15	7362802272146820395	200
9	False	9	7362799974607899947	200
0	False	0	7362791584796101931	200
0	False	0	7362787325329329451	200
2	False	2	7362787146069069098	200
2	False	2	7362784026102385963	200
0	False	{'error': {'code': 'invalid_params', 'message': 'The comments of this video are not allowed to be disclosed.', 'log_id': '20240904064728E553FE65401FA50509CD'}}	7362780603638500651	400
2	False	2	7362774029716966702	200
0	False	0	7362773643266510122	200
33	False	33	7362768054683487519	200
0	False	0	7362763742951574827	200
78	False	78	7362759336965262634	200
41	False	41	7362757775841103146	200
7	False	7	7362754659242593579	200
5	False	5	7362753899796696362	200
1	False	1	7362752987678199083	200
3	False	3	7362746380596563242	200
14	False	14	7362744271822261535	200
9	False	9	7362744162149518635	200
12	False	12	7362741279538662698	200
1	False	1	7362740134812355882	200
8	False	8	7362736607885020459	200
0	False	0	7362735769586273567	200
100	True	100	7362731517648407854	200
199	True	99	7362731517648407854	200
297	True	98	7362731517648407854	200
303	False	6	7362731517648407854	200
27	False	27	7362730663038160174	200
3	False	3	7362729814081473838	200
6	False	6	7362729674532801838	200
0	False	0	7362729459964775710	200
8	False	8	7362727077302390058	200
13	False	13	7362726428682489131	200
7	False	7	7362725183259528491	200
4	False	4	7362720679579438378	200
0	False	0	7362719099237043499	200
3	False	3	7362716855523495211	200
2	False	2	7362715412154354990	200
4	False	4	7362713685300628782	200
0	False	0	7362707527462800686	200
2	False	2	7362705797517806890	200
3	False	3	7362704781288164650	200
14	False	14	7362704153220517162	200
0	False	0	7362703545117723950	200
13	False	13	7356109565013871902	200
0	False	{'error': {'code': 'invalid_params', 'message': '`video_id: 7356098105588108586` is invalid. Please provide a valid video id', 'log_id': '20240904065317CF94899B5D50B006888E'}}	7356098105588108586	400
3	False	3	7356097168429649195	200
0	False	{'error': {'code': 'invalid_params', 'message': '`video_id: 7356093352871267630` is invalid. Please provide a valid video id', 'log_id': '2024090406533182D6C4C2F18FFD05E407'}}	7356093352871267630	400
2	False	2	7356092166801820970	200
0	False	{'error': {'code': 'invalid_params', 'message': '`video_id: 7356090690192837934` is invalid. Please provide a valid video id', 'log_id': '202409040653474C93E4E973303C05AAE8'}}	7356090690192837934	400
0	False	{'error': {'code': 'invalid_params', 'message': '`video_id: 7356089320308002091` is invalid. Please provide a valid video id', 'log_id': '20240904065353FA2F31A5DCEC9105AD99'}}	7356089320308002091	400
3	False	3	7356083436412554539	200
2	False	2	7356081423528348971	200
0	False	0	7356076951632907566	200
96	True	96	7356074895769341227	200
188	False	92	7356074895769341227	200
95	True	95	7356073257579089195	200
186	True	91	7356073257579089195	200
281	True	95	7356073257579089195	200
379	True	98	7356073257579089195	200
478	True	99	7356073257579089195	200
571	True	93	7356073257579089195	200
663	True	92	7356073257579089195	200
755	True	92	7356073257579089195	200
770	False	15	7356073257579089195	200
5	False	5	7356071002511559978	200
10	False	10	7356070842557533471	200
2	False	2	7356068750547864874	200
2	False	2	7356067581482126638	200
0	False	0	7356061663386258731	200
92	False	92	7356061229552520491	200
4	False	4	7356058960962735406	200
1	False	1	7356055747802909998	200
87	False	87	7356055009408175403	200
100	True	100	7356054049801915694	200
199	True	99	7356054049801915694	200
297	True	98	7356054049801915694	200
396	True	99	7356054049801915694	200
427	False	31	7356054049801915694	200
56	False	56	7356052639752228139	200
3	False	3	7356051877559078186	200
2	False	2	7356048871232949546	200
2	False	2	7356048862441671978	200
0	False	0	7356048351541873966	200
96	True	96	7356046069127515434	200
107	False	11	7356046069127515434	200
3	False	3	7356044593214885162	200
3	False	3	7356044415233740062	200
0	False	0	7356044320471780651	200
2	False	2	7356042680117480750	200
46	False	46	7356038476325752107	200
45	False	45	7356038148536732971	200
3	False	3	7356035992106732846	200
1	False	1	7356032349156494634	200
4	False	4	7356031642932088107	200
12	False	12	7356031188030754094	200
1	False	1	7356030499132951851	200
2	False	2	7356030045007187243	200
2	False	2	7356023639830957355	200
8	False	8	7356019792903425326	200
3	False	3	7356018244039314730	200
29	False	29	7356017859883044142	200
9	False	9	7356016690238360875	200
1	False	1	7356012116429770030	200
2	False	2	7356011301153426730	200
10	False	10	7356010696569539882	200
0	False	0	7356010472455359787	200
0	False	0	7356009376622300462	200
94	True	94	7356008783815970091	200
184	True	90	7356008783815970091	200
278	True	94	7356008783815970091	200
376	True	98	7356008783815970091	200
472	True	96	7356008783815970091	200
569	True	97	7356008783815970091	200
665	True	96	7356008783815970091	200
698	False	33	7356008783815970091	200
100	True	100	7356007658090024235	200
114	False	14	7356007658090024235	200
47	False	47	7356007415243918635	200
0	False	{'error': {'code': 'invalid_params', 'message': '`video_id: 7356006243116305706` is invalid. Please provide a valid video id', 'log_id': '2024090407035756785EB27A206D064A27'}}	7356006243116305706	400
3	False	3	7356000507346865451	200
5	False	5	7356000324445932842	200
7	False	7	7355999413002882350	200
2	False	2	7355997121574702378	200
0	False	0	7355995369328725290	200
1	False	1	7355993402854411566	200
7	False	7	7355993122578468139	200
0	False	0	7355992903711198495	200
2	False	2	7355991687199509803	200
12	False	12	7355991343405042986	200
8	False	8	7355990993247685930	200
0	False	0	7355990154936454443	200
0	False	0	7355989904418950443	200
20	False	20	7355989820868447530	200
7	False	7	7355989617121742122	200
0	False	0	7361243856320367915	200
0	False	0	7361242803675876654	200
0	False	0	7361241694433594654	200
0	False	0	7361238534352604458	200
0	False	{'error': {'code': 'internal_error', 'message': 'Server Internal Error', 'log_id': '202409040706559556C9522E973C051158'}}	7361238390672526638	500
0	False	0	7361236518289034542	200
0	False	0	7361235241664761134	200
4	False	4	7361231476353944874	200
30	False	30	7361231207645908270	200
0	False	0	7361224901690215723	200
0	False	0	7361222335938039071	200
0	False	0	7361219005555739947	200
0	False	0	7361216452503801130	200
0	False	0	7361215132153711914	200
0	False	0	7361213653447888174	200
4	False	4	7361212618876423467	200
0	False	0	7361205640238484782	200
1	False	1	7361202962581949739	200
0	False	0	7361202734718143790	200
0	False	0	7361195711305616686	200
0	False	0	7361194631754829099	200
1	False	1	7361193156127313194	200
0	False	0	7361185690832489758	200
0	False	0	7361184627219844394	200
0	False	0	7361183245490195754	200
97	True	97	7361181485900188974	200
159	False	62	7361181485900188974	200
0	False	0	7361179112498613547	200
0	False	0	7361177455555513642	200
1	False	1	7361176784546630954	200
0	False	0	7361174816428150059	200
0	False	0	7361173597118926122	200
0	False	0	7361172521007287598	200
0	False	0	7361167876994272558	200
0	False	0	7361164539657751838	200
3	False	3	7361164235793091886	200
0	False	0	7361162774942190890	200
0	False	{'error': {'code': 'invalid_params', 'message': 'The comments of this video are not allowed to be disclosed.', 'log_id': '20240904071156C7F32C2365873A05B698'}}	7361160649264696607	400
0	False	0	7361157879258189098	200
0	False	0	7361157687519841582	200
2	False	2	7361153851602488622	200
0	False	0	7361152365036129578	200
2	False	2	7361150946493189418	200
0	False	0	7361149432747822378	200
2	False	2	7361148696098082094	200
0	False	0	7361147629557796138	200
1	False	1	7361143911621922091	200
0	False	0	7361141105670819118	200
0	False	0	7361141056416664878	200
0	False	0	7361139897031232810	200
0	False	0	7361139779330690335	200
0	False	0	7361136907952377134	200
1	False	1	7361131173902372138	200
4	False	4	7361127076641951006	200
0	False	0	7361124817593961771	200
0	False	0	7361122650439060778	200
0	False	0	7361121781110885674	200
0	False	0	7361118650230639915	200
0	False	0	7361114837532839198	200
0	False	0	7361113859417050411	200
0	False	0	7361110415469792555	200
0	False	0	7361109949390392618	200
0	False	0	7358603678518955307	200
38	False	38	7358600656799796510	200
12	False	12	7358599826248092974	200
2	False	2	7358599298994490666	200
1	False	1	7358598609035693358	200
0	False	0	7358598215442287918	200
0	False	{'error': {'code': 'invalid_params', 'message': '`video_id: 7358595671215295790` is invalid. Please provide a valid video id', 'log_id': '202409040716327911B9E729D86D0662FB'}}	7358595671215295790	400
0	False	0	7358594127581252906	200
1	False	1	7358593644359601450	200
0	False	{'error': {'code': 'invalid_params', 'message': '`video_id: 7358591443734220074` is invalid. Please provide a valid video id', 'log_id': '20240904071656E0D0CF15DD51F205F7A8'}}	7358591443734220074	400
0	False	0	7358588225113296171	200
14	False	14	7358583894494563626	200
0	False	{'data': {}, 'error': {'code': 'daily_quota_limit_exceeded', 'message': 'The API daily quota limit exceeded. Please try again later', 'log_id': '202409040717192A0ABDCC4E4FCE063F77'}}	7358582911014096170	429
