100	True	74	7409171441373058090	200
200	True	70	7409171441373058090	200
300	True	74	7409171441373058090	200
400	True	79	7409171441373058090	200
500	True	84	7409171441373058090	200
600	True	77	7409171441373058090	200
700	True	83	7409171441373058090	200
840	True	73	7409171441373058090	200
1040	True	79	7409171441373058090	200
1140	True	71	7409171441373058090	200
1240	True	72	7409171441373058090	200
1340	True	71	7409171441373058090	200
1440	True	79	7409171441373058090	200
1540	True	73	7409171441373058090	200
1640	True	75	7409171441373058090	200
1740	True	77	7409171441373058090	200
1840	True	69	7409171441373058090	200
1940	True	75	7409171441373058090	200
2040	True	75	7409171441373058090	200
2140	True	73	7409171441373058090	200
2240	True	67	7409171441373058090	200
2340	True	72	7409171441373058090	200
2440	True	67	7409171441373058090	200
2540	True	67	7409171441373058090	200
2640	True	73	7409171441373058090	200
2740	True	66	7409171441373058090	200
2840	True	76	7409171441373058090	200
2940	True	77	7409171441373058090	200
3040	True	73	7409171441373058090	200
3140	True	74	7409171441373058090	200
3240	True	71	7409171441373058090	200
3340	True	75	7409171441373058090	200
3440	True	63	7409171441373058090	200
3540	True	82	7409171441373058090	200
3640	True	69	7409171441373058090	200
3740	True	77	7409171441373058090	200
3840	True	76	7409171441373058090	200
3940	True	84	7409171441373058090	200
4040	True	67	7409171441373058090	200
4140	True	69	7409171441373058090	200
4240	True	67	7409171441373058090	200
4340	True	65	7409171441373058090	200
4500	True	77	7409171441373058090	200
4610	True	68	7409171441373058090	200
4710	True	70	7409171441373058090	200
4810	True	63	7409171441373058090	200
4910	True	72	7409171441373058090	200
5010	True	67	7409171441373058090	200
5110	True	67	7409171441373058090	200
5210	True	59	7409171441373058090	200
5310	True	64	7409171441373058090	200
5410	True	70	7409171441373058090	200
5510	True	64	7409171441373058090	200
5610	True	75	7409171441373058090	200
5710	True	64	7409171441373058090	200
5810	True	64	7409171441373058090	200
5910	True	58	7409171441373058090	200
