100	True	86	7409162096480654378
200	True	75	7409162096480654378
300	True	78	7409162096480654378
400	True	59	7409162096480654378
500	True	70	7409162096480654378
600	True	61	7409162096480654378
700	True	53	7409162096480654378
800	True	59	7409162096480654378
900	True	63	7409162096480654378
1000	True	68	7409162096480654378
1100	True	57	7409162096480654378
1200	True	68	7409162096480654378
1300	True	68	7409162096480654378
1400	True	72	7409162096480654378
1500	True	61	7409162096480654378
1600	True	56	7409162096480654378
1700	True	64	7409162096480654378
1800	True	67	7409162096480654378
1900	True	68	7409162096480654378
2000	True	59	7409162096480654378
2100	True	59	7409162096480654378
2200	True	57	7409162096480654378
2300	True	63	7409162096480654378
2400	True	65	7409162096480654378
2500	True	60	7409162096480654378
2600	True	56	7409162096480654378
2700	True	65	7409162096480654378
2800	True	59	7409162096480654378
2900	True	64	7409162096480654378
3000	True	68	7409162096480654378
3100	True	74	7409162096480654378
3200	True	74	7409162096480654378
3300	True	62	7409162096480654378
3400	True	62	7409162096480654378
3500	True	62	7409162096480654378
3600	True	65	7409162096480654378
3700	True	61	7409162096480654378
3800	True	73	7409162096480654378
3900	True	67	7409162096480654378
4000	True	57	7409162096480654378
4100	True	67	7409162096480654378
4200	True	64	7409162096480654378
4300	True	72	7409162096480654378
4400	True	62	7409162096480654378
4500	True	69	7409162096480654378
4600	True	68	7409162096480654378
4700	True	71	7409162096480654378
4800	True	77	7409162096480654378
4900	True	69	7409162096480654378
5000	True	72	7409162096480654378
5100	True	70	7409162096480654378
5200	True	52	7409162096480654378
5300	True	65	7409162096480654378
5400	True	60	7409162096480654378
5500	True	61	7409162096480654378
5600	True	69	7409162096480654378
5700	True	53	7409162096480654378
5800	True	60	7409162096480654378
7409162096480654378	False	{'error': {'code': 'internal_error', 'message': 'Server Internal Error', 'log_id': '2024083105053291F76DCEEE138414AEAE'}}	7409162096480654378
6300    True    75  7409162096480654378
6400    True    67  7409162096480654378
6500    True    68  7409162096480654378
6521    False   19  7409162096480654378
