100	True	77	7410209435265569835	200
200	True	77	7410209435265569835	200
300	True	66	7410209435265569835	200
400	True	72	7410209435265569835	200
500	True	76	7410209435265569835	200
600	True	76	7410209435265569835	200
700	True	76	7410209435265569835	200
800	True	78	7410209435265569835	200
900	True	74	7410209435265569835	200
1000	True	81	7410209435265569835	200
1100	True	87	7410209435265569835	200
1200	True	85	7410209435265569835	200
1300	True	80	7410209435265569835	200
1400	True	72	7410209435265569835	200
1500	True	74	7410209435265569835	200
1600	True	82	7410209435265569835	200
1700	True	71	7410209435265569835	200
1800	True	71	7410209435265569835	200
1900	True	72	7410209435265569835	200
2000	True	69	7410209435265569835	200
2100	True	69	7410209435265569835	200
2200	True	84	7410209435265569835	200
2300	True	77	7410209435265569835	200
2318	False	13	7410209435265569835	200
