100	True	64	7409171441372976170	200
200	True	56	7409171441372976170	200
300	True	70	7409171441372976170	200
400	True	52	7409171441372976170	200
500	True	59	7409171441372976170	200
600	True	64	7409171441372976170	200
700	True	52	7409171441372976170	200
800	True	52	7409171441372976170	200
900	True	68	7409171441372976170	200
1000	True	67	7409171441372976170	200
1100	True	68	7409171441372976170	200
1200	True	66	7409171441372976170	200
1300	True	58	7409171441372976170	200
1400	True	62	7409171441372976170	200
1500	True	70	7409171441372976170	200
1600	True	63	7409171441372976170	200
1700	True	56	7409171441372976170	200
1800	True	63	7409171441372976170	200
1900	True	68	7409171441372976170	200
2000	True	64	7409171441372976170	200
2100	True	65	7409171441372976170	200
2200	True	64	7409171441372976170	200
2300	True	61	7409171441372976170	200
2400	True	67	7409171441372976170	200
2500	True	70	7409171441372976170	200
2600	True	80	7409171441372976170	200
2700	True	73	7409171441372976170	200
2800	True	73	7409171441372976170	200
2900	True	71	7409171441372976170	200
3000	True	70	7409171441372976170	200
3100	True	69	7409171441372976170	200
3200	True	71	7409171441372976170	200
3300	True	75	7409171441372976170	200
3400	True	64	7409171441372976170	200
3500	True	65	7409171441372976170	200
3600	True	71	7409171441372976170	200
3700	True	81	7409171441372976170	200
3800	True	75	7409171441372976170	200
3900	True	60	7409171441372976170	200
4000	True	77	7409171441372976170	200
4100	True	67	7409171441372976170	200
4200	True	77	7409171441372976170	200
4300	True	66	7409171441372976170	200
4400	True	73	7409171441372976170	200
4500	True	68	7409171441372976170	200
4600	True	65	7409171441372976170	200
4700	True	76	7409171441372976170	200
4800	True	71	7409171441372976170	200
4900	True	66	7409171441372976170	200
5000	True	66	7409171441372976170	200
5100	True	74	7409171441372976170	200
5200	True	53	7409171441372976170	200
5300	True	67	7409171441372976170	200
5400	True	75	7409171441372976170	200
5500	True	74	7409171441372976170	200
5600	True	74	7409171441372976170	200
5800	True	58	7409171441372976170	200
5900	True	58	7409171441372976170	200
6000	True	68	7409171441372976170	200
6100	True	55	7409171441372976170	200
6200	True	69	7409171441372976170	200
6300	True	66	7409171441372976170	200
6400	True	77	7409171441372976170	200
6500	True	78	7409171441372976170	200
6600	True	78	7409171441372976170	200
6700	True	73	7409171441372976170	200
6735	False	22	7409171441372976170	200
