100	True	64	7410230044255654958	200
200	True	54	7410230044255654958	200
300	True	67	7410230044255654958	200
400	True	59	7410230044255654958	200
500	True	66	7410230044255654958	200
600	True	72	7410230044255654958	200
700	True	75	7410230044255654958	200
800	True	72	7410230044255654958	200
900	True	62	7410230044255654958	200
1000	True	68	7410230044255654958	200
1100	True	59	7410230044255654958	200
1200	True	59	7410230044255654958	200
1300	True	67	7410230044255654958	200
1400	True	70	7410230044255654958	200
1500	True	60	7410230044255654958	200
1600	True	74	7410230044255654958	200
1700	True	80	7410230044255654958	200
1800	True	70	7410230044255654958	200
1900	True	70	7410230044255654958	200
2000	True	61	7410230044255654958	200
2100	True	58	7410230044255654958	200
2200	True	69	7410230044255654958	200
2300	True	53	7410230044255654958	200
2400	True	53	7410230044255654958	200
2500	True	64	7410230044255654958	200
2600	True	65	7410230044255654958	200
2700	True	66	7410230044255654958	200
2800	True	77	7410230044255654958	200
2900	True	70	7410230044255654958	200
3000	True	75	7410230044255654958	200
3100	True	61	7410230044255654958	200
3160	False	40	7410230044255654958	200
