100	True	72	7410204094582985771	200
200	True	65	7410204094582985771	200
300	True	73	7410204094582985771	200
400	True	73	7410204094582985771	200
500	True	70	7410204094582985771	200
600	True	82	7410204094582985771	200
700	True	69	7410204094582985771	200
800	True	72	7410204094582985771	200
900	True	74	7410204094582985771	200
1000	True	72	7410204094582985771	200
1100	True	63	7410204094582985771	200
1200	True	76	7410204094582985771	200
1300	True	73	7410204094582985771	200
1400	True	71	7410204094582985771	200
1500	True	72	7410204094582985771	200
1600	True	67	7410204094582985771	200
1648	False	41	7410204094582985771	200
