100	True	68	7410209435265700907	200
200	True	61	7410209435265700907	200
300	True	73	7410209435265700907	200
400	True	76	7410209435265700907	200
500	True	69	7410209435265700907	200
600	True	70	7410209435265700907	200
700	True	57	7410209435265700907	200
800	True	61	7410209435265700907	200
900	True	63	7410209435265700907	200
1000	True	70	7410209435265700907	200
1100	True	58	7410209435265700907	200
1200	True	72	7410209435265700907	200
1300	True	67	7410209435265700907	200
1400	True	71	7410209435265700907	200
1500	True	64	7410209435265700907	200
1600	True	67	7410209435265700907	200
1700	True	67	7410209435265700907	200
1800	True	69	7410209435265700907	200
1900	True	74	7410209435265700907	200
2000	True	69	7410209435265700907	200
2100	True	63	7410209435265700907	200
2200	True	68	7410209435265700907	200
2300	True	74	7410209435265700907	200
2354	False	37	7410209435265700907	200
