100	True	73	7410202340638266410	200
200	True	67	7410202340638266410	200
300	True	58	7410202340638266410	200
400	True	46	7410202340638266410	200
500	True	58	7410202340638266410	200
600	True	72	7410202340638266410	200
700	True	50	7410202340638266410	200
800	True	71	7410202340638266410	200
900	True	59	7410202340638266410	200
1000	True	59	7410202340638266410	200
1100	True	69	7410202340638266410	200
1200	True	69	7410202340638266410	200
1300	True	60	7410202340638266410	200
1400	True	73	7410202340638266410	200
1500	True	79	7410202340638266410	200
1600	True	78	7410202340638266410	200
1700	True	65	7410202340638266410	200
1800	True	66	7410202340638266410	200
1900	True	60	7410202340638266410	200
2000	True	61	7410202340638266410	200
2100	True	70	7410202340638266410	200
2200	True	54	7410202340638266410	200
2300	True	66	7410202340638266410	200
2400	True	55	7410202340638266410	200
2500	True	68	7410202340638266410	200
2600	True	61	7410202340638266410	200
2700	True	57	7410202340638266410	200
2800	True	61	7410202340638266410	200
2900	True	64	7410202340638266410	200
3000	True	71	7410202340638266410	200
3100	True	66	7410202340638266410	200
3200	True	68	7410202340638266410	200
3300	True	60	7410202340638266410	200
3400	True	60	7410202340638266410	200
3500	True	63	7410202340638266410	200
3500	False	0	7410202340638266410	200
