100	True	69	7410231524714566699	200
200	True	59	7410231524714566699	200
300	True	42	7410231524714566699	200
400	True	62	7410231524714566699	200
500	True	53	7410231524714566699	200
600	True	44	7410231524714566699	200
700	True	56	7410231524714566699	200
800	True	58	7410231524714566699	200
900	True	56	7410231524714566699	200
1000	True	39	7410231524714566699	200
1100	True	63	7410231524714566699	200
1200	True	59	7410231524714566699	200
1300	True	48	7410231524714566699	200
1400	True	49	7410231524714566699	200
1500	True	60	7410231524714566699	200
1600	True	66	7410231524714566699	200
1700	True	63	7410231524714566699	200
1800	True	53	7410231524714566699	200
1900	True	69	7410231524714566699	200
2000	True	65	7410231524714566699	200
2100	True	58	7410231524714566699	200
2200	True	63	7410231524714566699	200
2300	True	64	7410231524714566699	200
2400	True	58	7410231524714566699	200
2500	True	55	7410231524714566699	200
2600	True	57	7410231524714566699	200
2700	True	57	7410231524714566699	200
2800	True	59	7410231524714566699	200
2900	True	59	7410231524714566699	200
2975	False	39	7410231524714566699	200
