100	True	65	7410209435265766443	200
200	True	60	7410209435265766443	200
300	True	67	7410209435265766443	200
400	True	66	7410209435265766443	200
500	True	80	7410209435265766443	200
600	True	71	7410209435265766443	200
700	True	74	7410209435265766443	200
800	True	75	7410209435265766443	200
900	True	64	7410209435265766443	200
1000	True	70	7410209435265766443	200
1100	True	76	7410209435265766443	200
1200	True	65	7410209435265766443	200
1300	True	72	7410209435265766443	200
1400	True	72	7410209435265766443	200
1500	True	71	7410209435265766443	200
1600	True	72	7410209435265766443	200
1700	True	63	7410209435265766443	200
1800	True	74	7410209435265766443	200
1900	True	70	7410209435265766443	200
2000	True	73	7410209435265766443	200
2100	True	72	7410209435265766443	200
2200	True	71	7410209435265766443	200
2281	False	57	7410209435265766443	200
