100	True	67	7410209435265831979	200
200	True	64	7410209435265831979	200
300	True	57	7410209435265831979	200
400	True	74	7410209435265831979	200
500	True	72	7410209435265831979	200
600	True	68	7410209435265831979	200
700	True	62	7410209435265831979	200
800	True	64	7410209435265831979	200
900	True	67	7410209435265831979	200
1000	True	71	7410209435265831979	200
1100	True	75	7410209435265831979	200
1200	True	70	7410209435265831979	200
1300	True	67	7410209435265831979	200
1400	True	68	7410209435265831979	200
1500	True	59	7410209435265831979	200
1600	True	66	7410209435265831979	200
1700	True	62	7410209435265831979	200
1800	True	62	7410209435265831979	200
1900	True	63	7410209435265831979	200
2000	True	65	7410209435265831979	200
2100	True	69	7410209435265831979	200
2200	True	64	7410209435265831979	200
2300	True	64	7410209435265831979	200
2400	True	65	7410209435265831979	200
2500	True	75	7410209435265831979	200
2600	True	64	7410209435265831979	200
2700	True	58	7410209435265831979	200
2800	True	66	7410209435265831979	200
2865	False	38	7410209435265831979	200
