100	True	68	7410209435265651755	200
200	True	66	7410209435265651755	200
300	True	74	7410209435265651755	200
400	True	73	7410209435265651755	200
500	True	74	7410209435265651755	200
600	True	77	7410209435265651755	200
700	True	66	7410209435265651755	200
800	True	74	7410209435265651755	200
900	True	67	7410209435265651755	200
1000	True	76	7410209435265651755	200
1100	True	73	7410209435265651755	200
1200	True	76	7410209435265651755	200
1300	True	71	7410209435265651755	200
1400	True	65	7410209435265651755	200
1500	True	63	7410209435265651755	200
1600	True	68	7410209435265651755	200
1700	True	69	7410209435265651755	200
1800	True	64	7410209435265651755	200
1940	True	68	7410209435265651755	200
2040	True	71	7410209435265651755	200
2140	True	74	7410209435265651755	200
2148	False	6	7410209435265651755	200
