100	True	74	7410207136262870062	200
200	True	81	7410207136262870062	200
300	True	76	7410207136262870062	200
400	True	76	7410207136262870062	200
500	True	78	7410207136262870062	200
600	True	72	7410207136262870062	200
700	True	80	7410207136262870062	200
800	True	75	7410207136262870062	200
900	True	76	7410207136262870062	200
1000	True	73	7410207136262870062	200
1100	True	76	7410207136262870062	200
1200	True	74	7410207136262870062	200
1300	True	70	7410207136262870062	200
1450	True	73	7410207136262870062	200
1570	True	70	7410207136262870062	200
1570	False	{'error': {'code': 'invalid_params', 'message': 'Invalid count or cursor', 'log_id': '2024090300492300AFCB7FDE1DD295403F'}}	7410207136262870062	400
