100	True	66	7410207136263230510	200
200	True	76	7410207136263230510	200
300	True	85	7410207136263230510	200
400	True	81	7410207136263230510	200
500	True	70	7410207136263230510	200
600	True	79	7410207136263230510	200
700	True	62	7410207136263230510	200
800	True	62	7410207136263230510	200
900	True	76	7410207136263230510	200
1000	True	77	7410207136263230510	200
1100	True	82	7410207136263230510	200
1200	True	76	7410207136263230510	200
1300	True	77	7410207136263230510	200
1400	True	77	7410207136263230510	200
1500	True	78	7410207136263230510	200
1600	True	72	7410207136263230510	200
1700	True	79	7410207136263230510	200
1800	True	74	7410207136263230510	200
1869	False	49	7410207136263230510	200
