100	True	79	7410204094583051307	200
200	True	72	7410204094583051307	200
300	True	79	7410204094583051307	200
400	True	67	7410204094583051307	200
500	True	69	7410204094583051307	200
600	True	66	7410204094583051307	200
700	True	72	7410204094583051307	200
800	True	78	7410204094583051307	200
900	True	72	7410204094583051307	200
1000	True	70	7410204094583051307	200
1100	True	56	7410204094583051307	200
1200	True	75	7410204094583051307	200
1300	True	75	7410204094583051307	200
1400	True	62	7410204094583051307	200
1500	True	68	7410204094583051307	200
1600	True	74	7410204094583051307	200
1700	True	61	7410204094583051307	200
1800	True	73	7410204094583051307	200
1900	True	48	7410204094583051307	200
2000	True	67	7410204094583051307	200
2100	True	67	7410204094583051307	200
2200	True	65	7410204094583051307	200
2300	True	74	7410204094583051307	200
2400	True	67	7410204094583051307	200
2440	False	28	7410204094583051307	200
