100	True	67	7409860011674833962	200
200	True	52	7409860011674833962	200
300	True	74	7409860011674833962	200
400	True	76	7409860011674833962	200
500	True	63	7409860011674833962	200
600	True	72	7409860011674833962	200
700	True	56	7409860011674833962	200
800	True	72	7409860011674833962	200
900	True	63	7409860011674833962	200
1000	True	63	7409860011674833962	200
1100	True	59	7409860011674833962	200
1200	True	61	7409860011674833962	200
1300	True	55	7409860011674833962	200
1400	True	55	7409860011674833962	200
1500	True	54	7409860011674833962	200
1600	True	56	7409860011674833962	200
1700	True	66	7409860011674833962	200
1800	True	69	7409860011674833962	200
1900	True	69	7409860011674833962	200
2000	True	58	7409860011674833962	200
2100	True	65	7409860011674833962	200
2200	True	58	7409860011674833962	200
2300	True	64	7409860011674833962	200
2400	True	58	7409860011674833962	200
2500	True	35	7409860011674833962	200
2600	True	28	7409860011674833962	200
2700	True	66	7409860011674833962	200
2800	True	45	7409860011674833962	200
2900	True	59	7409860011674833962	200
3000	True	60	7409860011674833962	200
3100	True	57	7409860011674833962	200
3200	True	47	7409860011674833962	200
3300	True	64	7409860011674833962	200
3400	True	61	7409860011674833962	200
3500	True	61	7409860011674833962	200
3600	True	67	7409860011674833962	200
3700	True	66	7409860011674833962	200
3800	True	67	7409860011674833962	200
3900	True	56	7409860011674833962	200
4000	True	83	7409860011674833962	200
4100	True	71	7409860011674833962	200
4200	True	64	7409860011674833962	200
4300	True	70	7409860011674833962	200
4400	True	66	7409860011674833962	200
4500	True	75	7409860011674833962	200
4600	True	68	7409860011674833962	200
4700	True	69	7409860011674833962	200
4800	True	51	7409860011674833962	200
4900	True	60	7409860011674833962	200
5000	True	60	7409860011674833962	200
5100	True	63	7409860011674833962	200
5200	True	60	7409860011674833962	200
5300	True	47	7409860011674833962	200
5400	True	64	7409860011674833962	200
5500	True	60	7409860011674833962	200
5600	True	51	7409860011674833962	200
5700	True	57	7409860011674833962	200
5800	True	61	7409860011674833962	200
5900	True	61	7409860011674833962	200
5937	False	28	7409860011674833962	200
