100	True	68	7410204169422001194	200
200	True	71	7410204169422001194	200
300	True	0	7410204169422001194	200
400	True	75	7410204169422001194	200
500	True	75	7410204169422001194	200
600	True	77	7410204169422001194	200
700	True	74	7410204169422001194	200
800	True	71	7410204169422001194	200
900	True	73	7410204169422001194	200
1000	True	74	7410204169422001194	200
1100	True	79	7410204169422001194	200
1200	True	75	7410204169422001194	200
1300	True	73	7410204169422001194	200
1400	True	78	7410204169422001194	200
1500	True	79	7410204169422001194	200
1600	True	82	7410204169422001194	200
1700	True	77	7410204169422001194	200
1800	True	75	7410204169422001194	200
1900	True	68	7410204169422001194	200
2000	True	67	7410204169422001194	200
2100	True	80	7410204169422001194	200
2200	True	75	7410204169422001194	200
2300	True	63	7410204169422001194	200
2400	True	69	7410204169422001194	200
2500	True	60	7410204169422001194	200
2600	True	77	7410204169422001194	200
2684	False	54	7410204169422001194	200
