100	True	74	7410207136262673454	200
200	True	86	7410207136262673454	200
300	True	80	7410207136262673454	200
400	True	83	7410207136262673454	200
500	True	66	7410207136262673454	200
600	True	73	7410207136262673454	200
700	True	67	7410207136262673454	200
800	True	67	7410207136262673454	200
900	True	80	7410207136262673454	200
1000	True	80	7410207136262673454	200
1100	True	82	7410207136262673454	200
1200	True	82	7410207136262673454	200
1300	True	82	7410207136262673454	200
1400	True	73	7410207136262673454	200
1500	True	77	7410207136262673454	200
1600	True	75	7410207136262673454	200
1700	True	79	7410207136262673454	200
1800	True	64	7410207136262673454	200
1900	True	79	7410207136262673454	200
2000	True	73	7410207136262673454	200
2100	True	77	7410207136262673454	200
2200	True	73	7410207136262673454	200
2300	True	70	7410207136262673454	200
2400	True	79	7410207136262673454	200
2500	True	60	7410207136262673454	200
2600	True	60	7410207136262673454	200
2700	True	70	7410207136262673454	200
2793	False	66	7410207136262673454	200
