100	True	76	7409816489236157483	200
200	True	77	7409816489236157483	200
300	True	87	7409816489236157483	200
400	True	82	7409816489236157483	200
500	True	74	7409816489236157483	200
600	True	64	7409816489236157483	200
700	True	74	7409816489236157483	200
800	True	78	7409816489236157483	200
900	True	81	7409816489236157483	200
1000	True	81	7409816489236157483	200
1100	True	81	7409816489236157483	200
1200	True	81	7409816489236157483	200
1300	True	85	7409816489236157483	200
1400	True	88	7409816489236157483	200
1500	True	74	7409816489236157483	200
1670	True	87	7409816489236157483	200
1770	True	71	7409816489236157483	200
1770	False	{'error': {'code': 'invalid_params', 'message': 'Invalid count or cursor', 'log_id': '20240902014443FCEB08130403F7687DB3'}}	7409816489236157483	400
