100	True	74	7409816489236173867	200
200	True	71	7409816489236173867	200
300	True	77	7409816489236173867	200
400	True	68	7409816489236173867	200
500	True	76	7409816489236173867	200
600	True	75	7409816489236173867	200
700	True	73	7409816489236173867	200
800	True	74	7409816489236173867	200
900	True	81	7409816489236173867	200
1000	True	66	7409816489236173867	200
1100	True	64	7409816489236173867	200
1200	True	69	7409816489236173867	200
1300	True	55	7409816489236173867	200
1400	True	77	7409816489236173867	200
1500	True	63	7409816489236173867	200
1600	True	72	7409816489236173867	200
1700	True	59	7409816489236173867	200
1800	True	72	7409816489236173867	200
2200	True	70	7409816489236173867	200
2300	True	58	7409816489236173867	200
2400	True	75	7409816489236173867	200
2500	True	77	7409816489236173867	200
2600	True	61	7409816489236173867	200
2700	True	51	7409816489236173867	200
2800	True	67	7409816489236173867	200
2900	True	65	7409816489236173867	200
3000	True	75	7409816489236173867	200
3100	True	59	7409816489236173867	200
3200	True	58	7409816489236173867	200
3300	True	63	7409816489236173867	200
3400	True	67	7409816489236173867	200
3500	True	53	7409816489236173867	200
3600	True	51	7409816489236173867	200
3700	True	64	7409816489236173867	200
3800	True	50	7409816489236173867	200
3900	True	52	7409816489236173867	200
4000	True	57	7409816489236173867	200
4100	True	52	7409816489236173867	200
4200	True	39	7409816489236173867	200
4300	True	62	7409816489236173867	200
4400	True	55	7409816489236173867	200
4500	True	66	7409816489236173867	200
4600	True	48	7409816489236173867	200
4700	True	54	7409816489236173867	200
4800	True	59	7409816489236173867	200
4900	True	62	7409816489236173867	200
5000	True	45	7409816489236173867	200
5100	True	65	7409816489236173867	200
5200	True	65	7409816489236173867	200
5300	True	67	7409816489236173867	200
5400	True	50	7409816489236173867	200
5500	True	55	7409816489236173867	200
5600	True	51	7409816489236173867	200
5700	True	68	7409816489236173867	200
5800	True	47	7409816489236173867	200
5900	True	65	7409816489236173867	200
6000	True	63	7409816489236173867	200
6100	True	51	7409816489236173867	200
6200	True	79	7409816489236173867	200
6300	True	72	7409816489236173867	200
6400	True	64	7409816489236173867	200
6500	True	63	7409816489236173867	200
6600	True	58	7409816489236173867	200
6700	True	63	7409816489236173867	200
6800	True	67	7409816489236173867	200
6900	True	58	7409816489236173867	200
7000	True	57	7409816489236173867	200
7100	True	56	7409816489236173867	200
7200	True	48	7409816489236173867	200
7300	True	42	7409816489236173867	200
7400	True	48	7409816489236173867	200
7500	True	65	7409816489236173867	200
7600	True	57	7409816489236173867	200
7679	False	43	7409816489236173867	200
