100	True	72	7410209435265635371	200
200	True	70	7410209435265635371	200
300	True	75	7410209435265635371	200
400	True	69	7410209435265635371	200
500	True	74	7410209435265635371	200
600	True	78	7410209435265635371	200
700	True	78	7410209435265635371	200
800	True	72	7410209435265635371	200
900	True	73	7410209435265635371	200
1000	True	75	7410209435265635371	200
1100	True	73	7410209435265635371	200
1200	True	73	7410209435265635371	200
1300	True	75	7410209435265635371	200
1400	True	55	7410209435265635371	200
1500	True	78	7410209435265635371	200
1600	True	79	7410209435265635371	200
1700	True	68	7410209435265635371	200
1800	True	78	7410209435265635371	200
1900	True	63	7410209435265635371	200
2000	True	76	7410209435265635371	200
2100	True	76	7410209435265635371	200
2200	True	75	7410209435265635371	200
2300	True	77	7410209435265635371	200
2379	False	59	7410209435265635371	200
