100	True	69	7410231524714484779	200
200	True	60	7410231524714484779	200
300	True	67	7410231524714484779	200
400	True	77	7410231524714484779	200
500	True	52	7410231524714484779	200
600	True	58	7410231524714484779	200
700	True	44	7410231524714484779	200
800	True	47	7410231524714484779	200
900	True	53	7410231524714484779	200
1000	True	53	7410231524714484779	200
1100	True	51	7410231524714484779	200
1200	True	47	7410231524714484779	200
1300	True	47	7410231524714484779	200
1400	True	56	7410231524714484779	200
1500	True	53	7410231524714484779	200
1600	True	51	7410231524714484779	200
1700	True	46	7410231524714484779	200
1800	True	55	7410231524714484779	200
1900	True	63	7410231524714484779	200
2000	True	66	7410231524714484779	200
2100	True	54	7410231524714484779	200
2200	True	55	7410231524714484779	200
2300	True	64	7410231524714484779	200
2400	True	45	7410231524714484779	200
2500	True	45	7410231524714484779	200
2600	True	51	7410231524714484779	200
2700	True	53	7410231524714484779	200
2800	True	47	7410231524714484779	200
2900	True	70	7410231524714484779	200
3000	True	67	7410231524714484779	200
3100	True	65	7410231524714484779	200
3200	True	55	7410231524714484779	200
3229	False	22	7410231524714484779	200
