100	True	65	7410204094583018539	200
200	True	65	7410204094583018539	200
300	True	75	7410204094583018539	200
400	True	72	7410204094583018539	200
500	True	74	7410204094583018539	200
600	True	68	7410204094583018539	200
700	True	58	7410204094583018539	200
800	True	74	7410204094583018539	200
900	True	56	7410204094583018539	200
1000	True	76	7410204094583018539	200
1100	True	65	7410204094583018539	200
1200	True	67	7410204094583018539	200
1300	True	69	7410204094583018539	200
1400	True	72	7410204094583018539	200
1500	True	71	7410204094583018539	200
1600	True	68	7410204094583018539	200
1700	True	75	7410204094583018539	200
1800	True	75	7410204094583018539	200
1900	True	70	7410204094583018539	200
2000	True	77	7410204094583018539	200
2100	True	73	7410204094583018539	200
2200	True	68	7410204094583018539	200
2300	True	72	7410204094583018539	200
2311	False	9	7410204094583018539	200
