6	False	6	7356273133176769834	200
1	False	1	7356270035695881502	200
3	False	3	7356269727812980011	200
3	False	3	7356266447602994474	200
38	False	38	7356266175405280554	200
11	False	11	7356265635741109550	200
0	False	0	7356261989481532718	200
40	False	40	7356260517348003102	200
64	False	64	7356259050981575978	200
5	False	5	7356254688091589930	200
2	False	2	7356252080035876142	200
0	False	0	7356251336981105962	200
3	False	3	7356250963990138154	200
58	False	58	7356250434870267179	200
6	False	6	7356248282605145387	200
2	False	2	7356248066732739883	200
3	False	3	7356247744681479466	200
5	False	5	7356247737047829802	200
7	False	7	7356246475837328683	200
4	False	4	7356245528671161646	200
99	True	99	7356245432382737710	200
139	False	40	7356245432382737710	200
12	False	12	7356243585257245998	200
1	False	1	7356243157878705454	200
0	False	0	7356241433055005994	200
98	True	98	7356237598177758507	200
190	True	92	7356237598177758507	200
286	True	96	7356237598177758507	200
386	True	100	7356237598177758507	200
440	False	54	7356237598177758507	200
1	False	1	7356236937394621742	200
2	False	2	7356232286603316523	200
88	False	88	7356228307563711786	200
1	False	1	7356226812869119278	200
2	False	2	7356226654416407851	200
0	False	0	7356218847420058923	200
5	False	5	7356214136319020330	200
2	False	2	7356212103985958190	200
0	False	0	7356211658680732958	200
2	False	2	7356208787793005867	200
0	False	0	7356207943240518958	200
3	False	3	7356206328655711531	200
1	False	1	7356196478320266542	200
2	False	2	7356191471097269550	200
9	False	9	7356153414583176491	200
24	False	24	7356142079338122542	200
1	False	1	7356141307288669486	200
1	False	1	7356131199842012462	200
0	False	0	7356124400480980267	200
1	False	1	7356119712784338219	200
0	False	0	7356111484130381102	200
7	False	7	7356729275875200298	200
29	False	29	7356727028613123371	200
9	False	9	7356726647011331374	200
6	False	6	7356725170557537579	200
12	False	12	7356723179559210282	200
14	False	14	7356722378745023790	200
0	False	0	7356716471092907310	200
4	False	4	7356715679409556779	200
0	False	0	7356715533720669483	200
0	False	0	7356715449180065070	200
6	False	6	7356714272577195310	200
6	False	6	7356711631839251758	200
100	True	100	7356710351204797742	200
120	False	20	7356710351204797742	200
100	True	100	7356708240882748715	200
198	True	98	7356708240882748715	200
297	True	99	7356708240882748715	200
395	True	98	7356708240882748715	200
494	True	99	7356708240882748715	200
592	True	98	7356708240882748715	200
689	True	97	7356708240882748715	200
787	True	98	7356708240882748715	200
887	True	100	7356708240882748715	200
984	True	97	7356708240882748715	200
1000	True	16	7356708240882748715	200
1000	False	{'error': {'code': 'invalid_params', 'message': '`cursor: 1000` is invalid. Please provide an integer within [0, 999]', 'log_id': '2024101901352574815A5C0FA71C1EBC6F'}}	7356708240882748715	400
2	False	2	7356708054043249962	200
3	False	3	7356706790312119594	200
5	False	5	7356704043344923946	200
3	False	3	7356702979065515310	200
1	False	1	7356700808882294058	200
