100	True	76	7409816489236141099	200
200	True	77	7409816489236141099	200
300	True	87	7409816489236141099	200
400	True	82	7409816489236141099	200
500	True	74	7409816489236141099	200
600	True	64	7409816489236141099	200
700	True	74	7409816489236141099	200
800	True	78	7409816489236141099	200
900	True	81	7409816489236141099	200
1000	True	81	7409816489236141099	200
1100	True	81	7409816489236141099	200
1200	True	82	7409816489236141099	200
1300	True	77	7409816489236141099	200
1400	True	84	7409816489236141099	200
1500	True	83	7409816489236141099	200
1600	True	79	7409816489236141099	200
1700	True	79	7409816489236141099	200
1800	True	76	7409816489236141099	200
1900	True	60	7409816489236141099	200
2000	True	72	7409816489236141099	200
2100	True	79	7409816489236141099	200
2200	True	59	7409816489236141099	200
2330	True	80	7409816489236141099	200
2510	True	77	7409816489236141099	200
2610	True	69	7409816489236141099	200
2710	True	90	7409816489236141099	200
2810	True	80	7409816489236141099	200
2910	True	77	7409816489236141099	200
3010	True	88	7409816489236141099	200
3110	True	80	7409816489236141099	200
3210	True	67	7409816489236141099	200
3310	True	80	7409816489236141099	200
3410	True	82	7409816489236141099	200
3510	True	77	7409816489236141099	200
3700	True	78	7409816489236141099	200
3720	False	{'data': {}, 'error': {'code': 'rate_limit_exceeded', 'message': 'The API rate limit exceeded. Please try again later.', 'log_id': '20240902012952908D42020548BC68C7A0'}}	7409816489236141099	429
