100	True	64	7410204169421722666	200
200	True	68	7410204169421722666	200
300	True	59	7410204169421722666	200
400	True	71	7410204169421722666	200
500	True	74	7410204169421722666	200
600	True	74	7410204169421722666	200
700	True	76	7410204169421722666	200
800	True	70	7410204169421722666	200
900	True	69	7410204169421722666	200
1000	True	70	7410204169421722666	200
1100	True	82	7410204169421722666	200
1200	True	64	7410204169421722666	200
1300	True	65	7410204169421722666	200
1400	True	67	7410204169421722666	200
1500	True	73	7410204169421722666	200
1600	True	75	7410204169421722666	200
1700	True	71	7410204169421722666	200
1800	True	77	7410204169421722666	200
1900	True	71	7410204169421722666	200
2000	True	73	7410204169421722666	200
2100	True	83	7410204169421722666	200
2101	False	1	7410204169421722666	200
