7	False	7	7192624097904577838	200
0	False	0	7194312361245855022	200
0	False	{'error': {'code': 'invalid_params', 'message': '`video_id: 7194303603073371434` is invalid. Please provide a valid video id', 'log_id': '2024110723075022981299810BCE128761'}}	7194303603073371434	400
11	False	11	7194292496980086058	200
5	False	5	7194291765451443499	200
0	False	0	7194291407517912363	200
6	False	6	7194291195445546286	200
0	False	0	7194286817804373294	200
2	False	2	7194282940631731499	200
0	False	0	7194278690367327534	200
0	False	{'error': {'code': 'invalid_params', 'message': '`video_id: 7194276467293850923` is invalid. Please provide a valid video id', 'log_id': '20241107230915CE7C992178535512BFD0'}}	7194276467293850923	400
2	False	2	7194273468005813546	200
12	False	12	7194272943289994542	200
2	False	2	7194271543877307690	200
9	False	9	7194271522511490347	200
1	False	1	7194270573478808875	200
11	False	11	7194268430923582763	200
4	False	4	7194266956764024110	200
2	False	2	7194263172725869866	200
29	False	29	7194258709508328750	200
0	False	0	7194250958401064234	200
0	False	0	7194245815710305579	200
0	False	0	7194241112825974058	200
1	False	1	7194239381014727982	200
1	False	1	7194233350842748203	200
0	False	0	7194233304458005806	200
95	True	95	7194232813674122542	200
194	True	99	7194232813674122542	200
288	True	94	7194232813674122542	200
382	True	94	7194232813674122542	200
477	True	95	7194232813674122542	200
572	True	95	7194232813674122542	200
667	True	95	7194232813674122542	200
763	True	96	7194232813674122542	200
859	True	96	7194232813674122542	200
958	True	99	7194232813674122542	200
997	True	39	7194232813674122542	200
1000	True	3	7194232813674122542	200
1000	False	{'error': {'code': 'invalid_params', 'message': '`cursor: 1000` is invalid. Please provide an integer within [0, 999]', 'log_id': '202411072313568713DFCFA2447A13ABB1'}}	7194232813674122542	400
8	False	8	7194231063885991210	200
5	False	5	7194228329833073962	200
4	False	4	7194225096595213614	200
15	False	15	7194223579548912942	200
5	False	5	7194223207535381806	200
3	False	3	7194223116015521067	200
9	False	9	7194220468382010666	200
2	False	2	7194212909919030570	200
2	False	2	7194212847663074603	200
12	False	12	7194212175462812974	200
1	False	1	7194194327948528938	200
6	False	6	7194193628703575339	200
81	False	81	7194188989367061803	200
32	False	32	7194187251323079979	200
0	False	0	7194184917398474027	200
5	False	5	7194182359778921771	200
8	False	8	7194182032048524587	200
5	False	5	7194181207477767467	200
1	False	1	7194174577570745646	200
13	False	13	7194173787284245806	200
97	True	97	7194168432592489770	200
120	False	23	7194168432592489770	200
55	False	55	7194164525438946606	200
14	False	14	7194157338272599339	200
62	False	62	7194153885165145390	200
2	False	2	7194153362529570091	200
1	False	1	7194150386691935534	200
0	False	0	7194146315498982702	200
15	False	15	7194146177548356907	200
3	False	3	7194145671136480558	200
8	False	8	7194140447886036270	200
71	False	71	7194134446906314026	200
2	False	2	7194129257386315050	200
3	False	3	7194122460499807531	200
95	True	95	7194118419069947179	200
191	True	96	7194118419069947179	200
288	True	97	7194118419069947179	200
386	True	98	7194118419069947179	200
486	True	100	7194118419069947179	200
583	True	97	7194118419069947179	200
680	True	97	7194118419069947179	200
779	True	99	7194118419069947179	200
797	False	18	7194118419069947179	200
25	False	25	7194111112101563691	200
37	False	37	7194108519669435691	200
2	False	2	7194107883762584875	200
21	False	21	7194103286859975979	200
22	False	22	7194102215248809259	200
4	False	4	7194102172424998186	200
11	False	11	7194101922456948011	200
1	False	1	7194100162615086379	200
0	False	0	7194099932779859242	200
5	False	5	7194097131911875886	200
0	False	0	7194096829523397931	200
5	False	5	7194090162081631530	200
8	False	8	7193049844595051822	200
3	False	3	7193049054828465454	200
0	False	0	7193045651834326315	200
0	False	0	7193044343438036266	200
5	False	5	7193039301326703915	200
7	False	7	7193039296725519658	200
9	False	9	7193038506594241834	200
9	False	9	7193038415565442350	200
39	False	39	7193037725073755434	200
0	False	0	7193034908187495722	200
3	False	3	7193033999185431851	200
35	False	35	7193030988111318314	200
0	False	0	7193030251880959278	200
93	False	93	7193030052983065902	200
4	False	4	7193029302718369070	200
0	False	0	7193026779982892330	200
0	False	0	7193025258763423022	200
20	False	20	7193020658895441198	200
10	False	10	7193017215434624298	200
3	False	3	7193016161318079786	200
0	False	{'error': {'code': 'internal_error', 'message': 'Something went wrong. Please try again later.', 'log_id': '2024110723274542A85D64A5970A131B5B'}}	7193016114748656939	500
11	False	11	7193015665907780906	200
3	False	3	7193014077801762090	200
2	False	2	7193011217152216362	200
8	False	8	7193006919798263086	200
1	False	1	7193006492960771371	200
1	False	1	7193006016101993774	200
1	False	1	7193006011286818091	200
2	False	2	7193005214943759658	200
60	False	60	7193004665565383978	200
0	False	0	7193002166934850862	200
0	False	0	7193000321675791659	200
16	False	16	7192996253297380651	200
98	True	98	7192994529081871662	200
142	False	44	7192994529081871662	200
6	False	6	7192985661182446891	200
46	False	46	7192982668579966251	200
0	False	{'error': {'code': 'invalid_params', 'message': '`video_id: 7192978206209625386` is invalid. Please provide a valid video id', 'log_id': '20241107233101D79A511A8672BC132318'}}	7192978206209625386	400
1	False	1	7192977374760193322	200
3	False	3	7192977037487770923	200
0	False	0	7192976047468563754	200
2	False	2	7192972575650204974	200
16	False	16	7192969849780407595	200
98	True	98	7192966111648894254	200
130	False	32	7192966111648894254	200
24	False	24	7192964729772510510	200
0	False	{'error': {'code': 'invalid_params', 'message': '`video_id: 7192961239423651114` is invalid. Please provide a valid video id', 'log_id': '20241107233241802631DCFC94D7142840'}}	7192961239423651114	400
10	False	10	7192956685382683950	200
0	False	Error reading json	7192956431807548714	504
19	False	19	7192955523656944942	200
96	True	96	7192952698772131115	200
196	True	100	7192952698772131115	200
244	False	48	7192952698772131115	200
73	False	73	7192948897453477162	200
43	False	43	7192946000238087466	200
2	False	2	7192932531778522414	200
0	False	0	7192910762027846954	200
0	False	0	7192875410009656622	200
0	False	0	7192871580370832683	200
0	False	{'error': {'code': 'invalid_params', 'message': '`video_id: 7192869260895571242` is invalid. Please provide a valid video id', 'log_id': '20241107233524E1CA6DA9740F0013E1CA'}}	7192869260895571242	400
4	False	4	7192867898065554730	200
2	False	2	7192866152647839019	200
6	False	6	7192864182767717675	200
2	False	2	7192862217304296750	200
14	False	14	7192855254562622762	200
0	False	0	7192849511067405614	200
2	False	2	7192843321759452462	200
1	False	1	7192836982433713451	200
1	False	1	7192819149679136046	200
0	False	0	7192818313532149034	200
29	False	29	7192817042716626219	200
2	False	2	7192814376712195371	200
0	False	0	7192809418453519662	200
0	False	{'error': {'code': 'internal_error', 'message': 'Something went wrong. Please try again later.', 'log_id': '20241107233756BF69AA427F1DE6146B0A'}}	7192808410512117038	500
0	False	0	7192802318986038574	200
0	False	0	7192800967795182894	200
5	False	5	7192800315496779054	200
9	False	9	7192798008281632046	200
4	False	4	7192797449566817582	200
19	False	19	7192796173374098731	200
100	True	100	7187518013866773803	200
197	True	97	7187518013866773803	200
209	False	12	7187518013866773803	200
18	False	18	7187515125560053034	200
4	False	4	7187515009386253610	200
5	False	5	7187514995616386350	200
0	False	0	7187514221154880810	200
0	False	0	7187506812680424750	200
99	True	99	7187506101745650990	200
197	True	98	7187506101745650990	200
297	True	100	7187506101745650990	200
363	False	66	7187506101745650990	200
9	False	9	7187504103503727914	200
13	False	13	7187498938721635626	200
4	False	4	7187496178215423274	200
2	False	2	7187495880268827950	200
43	False	43	7187494546853383466	200
2	False	2	7187494330163121454	200
2	False	2	7187488713784511786	200
0	False	0	7187486317259951406	200
1	False	1	7187482675538611499	200
0	False	0	7187475082166422830	200
3	False	3	7187474960422620459	200
1	False	1	7187473911792012590	200
17	False	17	7187469170093886766	200
1	False	1	7187469017194532138	200
2	False	2	7187463607993617706	200
24	False	24	7187461835929505067	200
0	False	0	7187461168515255598	200
1	False	1	7187460906329066794	200
1	False	1	7187458283303685418	200
0	False	0	7187457244651326762	200
4	False	4	7187456654680673579	200
12	False	12	7187456361461009706	200
0	False	0	7187455899999554859	200
0	False	0	7187454302137453867	200
7	False	7	7187453050146213166	200
29	False	29	7187450846169419054	200
0	False	{'error': {'code': 'invalid_params', 'message': '`video_id: 7187449719189458222` is invalid. Please provide a valid video id', 'log_id': '20241107234631D794C43628D9C7149B3F'}}	7187449719189458222	400
0	False	{'error': {'code': 'internal_error', 'message': 'Something went wrong. Please try again later.', 'log_id': '20241107234637CF052324B6F4D414CCC4'}}	7187448854831435054	500
0	False	{'error': {'code': 'invalid_params', 'message': '`video_id: 7187448533338017070` is invalid. Please provide a valid video id', 'log_id': '2024110723465242239C7E37E22714E600'}}	7187448533338017070	400
34	False	34	7187445654313143598	200
2	False	2	7187445651259624747	200
21	False	21	7187443490668875054	200
11	False	11	7187438161922985262	200
99	True	99	7187435030577302826	200
130	False	31	7187435030577302826	200
23	False	23	7187434675235753258	200
0	False	0	7187428244164201774	200
0	False	0	7187428132297870635	200
0	False	0	7187423808159042858	200
16	False	16	7187421119832689966	200
39	False	39	7187421059308637483	200
2	False	2	7187417503604165931	200
4	False	4	7187416856603643182	200
14	False	14	7187411461231201579	200
2	False	2	7187410829636029742	200
0	False	0	7187409362481237294	200
1	False	1	7187395077503847723	200
27	False	27	7187394064613149998	200
6	False	6	7187393470108273966	200
23	False	23	7187392629800226091	200
11	False	11	7187391602242080046	200
41	False	41	7187390682166775083	200
8	False	8	7187362501770743086	200
8	False	8	7187338733052529963	200
4	False	4	7187330490397936942	200
4	False	4	7187329504669355310	200
0	False	0	7187280767142186282	200
61	False	61	7187267492287352107	200
0	False	0	7187265168039021866	200
1	False	1	7187262208185830699	200
1	False	1	7187257194591702318	200
3	False	3	7187248908630789419	200
13	False	13	7187247719772097838	200
41	False	41	7187223141549182254	200
23	False	23	7187223037794585898	200
2	False	2	7187220874041396526	200
0	False	0	7187218929310354730	200
97	True	97	7187216000704679211	200
190	True	93	7187216000704679211	200
282	True	92	7187216000704679211	200
376	True	94	7187216000704679211	200
469	True	93	7187216000704679211	200
561	True	92	7187216000704679211	200
651	True	90	7187216000704679211	200
746	True	95	7187216000704679211	200
746	False	{'error': {'code': 'internal_error', 'message': 'Server Internal Error', 'log_id': '202411072355200CD29A85C9BB6314C857'}}	7187216000704679211	500
1	False	1	7187206607091125546	200
6	False	6	7187205367678389546	200
2	False	2	7187204251209223470	200
83	False	83	7187202824516750638	200
0	False	0	7187198390470626606	200
2	False	2	7187198216943734059	200
6	False	6	7187196912485846314	200
0	False	0	7187196567051308331	200
1	False	1	7194079847780584746	200
65	False	65	7194075741124873514	200
0	False	{'error': {'code': 'invalid_params', 'message': '`video_id: 7194073564025310507` is invalid. Please provide a valid video id', 'log_id': '2024110723571876DF56B122F3A415B3D4'}}	7194073564025310507	400
91	False	91	7194073448132611374	200
39	False	39	7194073150706044202	200
1	False	1	7194055191119891758	200
2	False	2	7194050256684764458	200
2	False	2	7194048019858459950	200
0	False	{'error': {'code': 'invalid_params', 'message': '`video_id: 7194036059720731946` is invalid. Please provide a valid video id', 'log_id': '20241107235819D25E7061DE341E14FEB9'}}	7194036059720731946	400
0	False	0	7194031887353154862	200
2	False	2	7194011625974779182	200
15	False	15	7194001915926121771	200
0	False	0	7193998787931819310	200
0	False	0	7193998637456919854	200
1	False	1	7193976055827418410	200
18	False	18	7193968721046752558	200
89	True	89	7193968717011733803	200
179	True	90	7193968717011733803	200
272	True	93	7193968717011733803	200
356	True	84	7193968717011733803	200
447	True	91	7193968717011733803	200
544	True	97	7193968717011733803	200
628	True	84	7193968717011733803	200
693	False	65	7193968717011733803	200
3	False	3	7193957979908050218	200
6	False	6	7193946630691818798	200
0	False	0	7193945620950813998	200
97	True	97	7193943745505758510	200
106	False	9	7193943745505758510	200
4	False	4	7193941511254461742	200
2	False	2	7193938200996597038	200
16	False	16	7193937865460731178	200
4	False	4	7193936046814416171	200
69	False	69	7193931609098259755	200
11	False	11	7193927340295032110	200
2	False	2	7193926915072331054	200
24	False	24	7193923429697965355	200
0	False	0	7193921853797305643	200
3	False	3	7193920986276826410	200
3	False	3	7193919281074015530	200
0	False	{'error': {'code': 'invalid_params', 'message': '`video_id: 7193918625441418538` is invalid. Please provide a valid video id', 'log_id': '20241108000402472A16AD541FDA137878'}}	7193918625441418538	400
1	False	1	7193917530509987114	200
7	False	7	7193906923832364334	200
2	False	2	7193906847881907499	200
2	False	2	7193901648668822827	200
6	False	6	7193901289468841262	200
0	False	0	7193900939382689066	200
5	False	5	7193894013320285486	200
0	False	0	7193893090980056363	200
2	False	2	7193892413935602990	200
0	False	{'error': {'code': 'invalid_params', 'message': '`video_id: 7193887485712207150` is invalid. Please provide a valid video id', 'log_id': '20241108000546A0ADDA73A6A70E13AB92'}}	7193887485712207150	400
1	False	1	7193886666178694442	200
4	False	4	7193884199013600554	200
6	False	6	7193884185830935851	200
0	False	{'error': {'code': 'invalid_params', 'message': '`video_id: 7193883644312800554` is invalid. Please provide a valid video id', 'log_id': '20241108000627AA01F710243C9A182354'}}	7193883644312800554	400
0	False	0	7193881834718072107	200
5	False	5	7193881204804898091	200
10	False	10	7193880916266093866	200
4	False	4	7193879722214821163	200
3	False	3	7193877586726915370	200
11	False	11	7193875584911510830	200
0	False	{'error': {'code': 'invalid_params', 'message': '`video_id: 7193873836188929326` is invalid. Please provide a valid video id', 'log_id': '202411080007422F753C2210C47E15D48E'}}	7193873836188929326	400
29	False	29	7193871564813667626	200
22	False	22	7193866452699450667	200
19	False	19	7193862450867997995	200
35	False	35	7193856993675857198	200
20	False	20	7193854088214220075	200
0	False	0	7193853555273370922	200
9	False	9	7193851806504602922	200
0	False	{'error': {'code': 'internal_error', 'message': 'Something went wrong. Please try again later.', 'log_id': '2024110800090885BDFC69C4FB1815F673'}}	7193849795671313706	500
25	False	25	7193849343567285547	200
2	False	2	7193844961908149550	200
2	False	2	7193844844844911915	200
1	False	1	7193844359110855982	200
13	False	13	7193839769422826798	200
2	False	2	7193837011642453291	200
4	False	4	7193836395268459819	200
6	False	6	7193834864284831022	200
2	False	2	7193834479411285294	200
2	False	2	7193831453854158123	200
96	True	96	7193829881073896747	200
195	True	99	7193829881073896747	200
293	True	98	7193829881073896747	200
393	True	100	7193829881073896747	200
492	True	99	7193829881073896747	200
591	True	99	7193829881073896747	200
689	True	98	7193829881073896747	200
787	True	98	7193829881073896747	200
886	True	99	7193829881073896747	200
986	True	100	7193829881073896747	200
999	True	13	7193829881073896747	200
1000	True	1	7193829881073896747	200
1000	False	{'error': {'code': 'invalid_params', 'message': '`cursor: 1000` is invalid. Please provide an integer within [0, 999]', 'log_id': '20241108001306ED6263954C45AA15812A'}}	7193829881073896747	400
4	False	4	7193827652405300522	200
5	False	5	7191931423878548782	200
3	False	3	7191923976384384302	200
6	False	6	7191909488927067438	200
41	False	41	7191908185442274606	200
35	False	35	7191904089868061998	200
0	False	0	7191903061424606506	200
3	False	3	7191897225490894123	200
27	False	27	7191891702028750126	200
33	False	33	7191887904283561259	200
1	False	1	7191887689422081322	200
0	False	0	7191886569433877802	200
2	False	2	7191886044151745835	200
43	False	43	7191885744233925930	200
8	False	8	7191876234257780014	200
1	False	1	7191874960518827307	200
5	False	5	7191874364072054058	200
12	False	12	7191874166834990379	200
98	True	98	7191874041722981674	200
196	True	98	7191874041722981674	200
293	True	97	7191874041722981674	200
387	True	94	7191874041722981674	200
483	True	96	7191874041722981674	200
576	True	93	7191874041722981674	200
672	True	96	7191874041722981674	200
745	False	73	7191874041722981674	200
2	False	2	7191873281291537710	200
1	False	1	7191871745987677486	200
18	False	18	7191867259470499115	200
3	False	3	7191862021699292458	200
0	False	0	7191860443382598955	200
95	True	95	7191856395015261486	200
188	True	93	7191856395015261486	200
200	False	12	7191856395015261486	200
17	False	17	7191847363491663146	200
97	True	97	7191846586035621163	200
197	True	100	7191846586035621163	200
295	True	98	7191846586035621163	200
393	True	98	7191846586035621163	200
489	True	96	7191846586035621163	200
587	True	98	7191846586035621163	200
686	True	99	7191846586035621163	200
780	True	94	7191846586035621163	200
878	True	98	7191846586035621163	200
976	True	98	7191846586035621163	200
999	True	23	7191846586035621163	200
1000	True	1	7191846586035621163	200
1000	False	{'error': {'code': 'invalid_params', 'message': '`cursor: 1000` is invalid. Please provide an integer within [0, 999]', 'log_id': '20241108002137228FF73F6BB97C16337E'}}	7191846586035621163	400
6	False	6	7191843223202188590	200
24	False	24	7191842342096080170	200
1	False	1	7191837356821957934	200
4	False	4	7191834751903321387	200
1	False	1	7191827151912570158	200
0	False	0	7191819033711332650	200
12	False	12	7191801523481906475	200
0	False	0	7191800229908319530	200
69	False	69	7191783335700647214	200
4	False	4	7191766617729142059	200
24	False	24	7191763104974490926	200
0	False	{'error': {'code': 'invalid_params', 'message': '`video_id: 7191755164938816814` is invalid. Please provide a valid video id', 'log_id': '202411080023522A5DC4B8FF3EB215E692'}}	7191755164938816814	400
19	False	19	7191753441104940330	200
3	False	3	7191745451387915566	200
7	False	7	7191744125601942826	200
12	False	12	7191741987232615726	200
86	False	86	7191716397355896110	200
1	False	1	7191712906583575850	200
80	False	80	7191712052757400875	200
5	False	5	7191708815040040234	200
21	False	21	7191707068322254126	200
1	False	1	7191706493589327150	200
44	False	44	7191702265109990698	200
8	False	8	7191696103996165419	200
1	False	1	7191689502337944875	200
12	False	12	7191687515508886830	200
67	False	67	7191686530883194155	200
0	False	0	7191681638714232110	200
2	False	2	7191681563749420334	200
0	False	0	7191681535462870315	200
0	False	0	7191681219208383790	200
32	False	32	7191680218422365486	200
30	False	30	7191680015845641515	200
1	False	1	7191679381167721774	200
1	False	1	7191678797781978411	200
94	True	94	7191676823829531950	200
158	False	64	7191676823829531950	200
2	False	2	7191676344517020974	200
18	False	18	7191676140916854058	200
8	False	8	7191674923415375150	200
0	False	0	7191670530909523246	200
2	False	2	7191669115050888494	200
4	False	4	7191666571465608490	200
8	False	8	7191663649784745258	200
2	False	2	7191660569018092843	200
0	False	{'error': {'code': 'invalid_params', 'message': '`video_id: 7191657302141816106` is invalid. Please provide a valid video id', 'log_id': '202411080030069D8001EFE694C5191E9E'}}	7191657302141816106	400
10	False	10	7191657168276409642	200
70	False	70	7192369233806871850	200
8	False	8	7192368042054044970	200
1	False	1	7192367609357126958	200
55	False	55	7192363763285249322	200
97	False	97	7192358673316908331	200
8	False	8	7192358125012307242	200
8	False	8	7192357517769329963	200
0	False	0	7192357032329055530	200
0	False	0	7192356842922659115	200
14	False	14	7192352967180307758	200
20	False	20	7192349036022697262	200
19	False	19	7192347481965989162	200
17	False	17	7192345375263575338	200
5	False	5	7192344644229909802	200
13	False	13	7192344130670824746	200
0	False	0	7192341502427811115	200
32	False	32	7192340266928360747	200
1	False	1	7192338683670826282	200
0	False	0	7192336732602256686	200
0	False	{'error': {'code': 'invalid_params', 'message': '`video_id: 7192334796981275950` is invalid. Please provide a valid video id', 'log_id': '20241108003353756C31B4D2194119A8F3'}}	7192334796981275950	400
0	False	0	7192323591524994346	200
0	False	0	7192322919865929002	200
0	False	{'error': {'code': 'invalid_params', 'message': '`video_id: 7192322011069238571` is invalid. Please provide a valid video id', 'log_id': '202411080034203F8EA854C300B0162D0D'}}	7192322011069238571	400
3	False	3	7192319913992768810	200
1	False	1	7192316802914028846	200
3	False	3	7192316185709399339	200
9	False	9	7192315881861647662	200
0	False	0	7192314109247950126	200
98	True	98	7192313398602894635	200
98	False	{'error': {'code': 'internal_error', 'message': 'Server Internal Error', 'log_id': '20241108003533E5C97F6E23EAF416C24A'}}	7192313398602894635	500
5	False	5	7192311246866255150	200
1	False	1	7192310808481762606	200
87	False	87	7192307789744590123	200
10	False	10	7192303243009985835	200
1	False	1	7192297266651090222	200
15	False	15	7192292763688373546	200
11	False	11	7192292717550914862	200
52	False	52	7192291151595195694	200
12	False	12	7192290951233097003	200
12	False	12	7192286077539880234	200
3	False	3	7192284455518670122	200
0	False	0	7192284147212193070	200
0	False	0	7192283084752981290	200
75	False	75	7192279840505072939	200
13	False	13	7192274882028375342	200
11	False	11	7192273901290851626	200
32	False	32	7192273573678026030	200
13	False	13	7192267556869393710	200
5	False	5	7192267553354370347	200
2	False	2	7192265483083795758	200
5	False	5	7192259220513901870	200
1	False	1	7192250982095506734	200
22	False	22	7192250629933305131	200
3	False	3	7192249488457649450	200
6	False	6	7192248185887182122	200
10	False	10	7192243645498543403	200
4	False	4	7192241238848851246	200
0	False	0	7192235008487132458	200
6	False	6	7192234205865184554	200
0	False	0	7192232894113353002	200
2	False	2	7192229624078699819	200
17	False	17	7192225558653357358	200
2	False	2	7192221856781438251	200
19	False	19	7192212460630265131	200
14	False	14	7192207159034203435	200
0	False	0	7192206993715678506	200
9	False	9	7192205019301596462	200
0	False	0	7192200286365060394	200
2	False	2	7190751629807734058	200
0	False	0	7190747683441659179	200
6	False	6	7190742463844257066	200
37	False	37	7190740779382443310	200
0	False	0	7190739193226644782	200
52	False	52	7190739108405447982	200
3	False	3	7190738881615269166	200
2	False	2	7190735266502495530	200
16	False	16	7190733222525947179	200
1	False	1	7190726759480888622	200
0	False	{'error': {'code': 'invalid_params', 'message': '`video_id: 7190712840016399662` is invalid. Please provide a valid video id', 'log_id': '20241108004501969961B88D5FF417998B'}}	7190712840016399662	400
1	False	1	7190704245912407339	200
10	False	10	7190700491033054506	200
54	False	54	7190698388197772587	200
19	False	19	7190675426375650603	200
17	False	17	7190671016593673518	200
3	False	3	7190660716565712171	200
0	False	{'error': {'code': 'invalid_params', 'message': '`video_id: 7190653809419406638` is invalid. Please provide a valid video id', 'log_id': '202411080046125F9A72F3E3F6A619F84A'}}	7190653809419406638	400
12	False	12	7190647584027987246	200
0	False	0	7190639248863726894	200
24	False	24	7190627153174695214	200
44	False	44	7190625873085746478	200
0	False	0	7190614338124696875	200
0	False	0	7190611355718667563	200
5	False	5	7190607461261413678	200
0	False	0	7190604464389197099	200
0	False	0	7190595706468601134	200
1	False	1	7190589689017978154	200
1	False	1	7190579448314383659	200
6	False	6	7190576177470377259	200
9	False	9	7190573883836124459	200
5	False	5	7190572091362528554	200
10	False	10	7190569690685738286	200
1	False	1	7190564545247579434	200
8	False	8	7190563769209146666	200
0	False	0	7190561816672472362	200
1	False	1	7190558377532149038	200
0	False	0	7190556565097811242	200
85	False	85	7190556322960772398	200
0	False	0	7190554909530574126	200
0	False	0	7190551622550834474	200
1	False	1	7190549853162753322	200
1	False	1	7190548882919558446	200
5	False	5	7190546724325166378	200
4	False	4	7190546536470973742	200
0	False	0	7190546371038956842	200
20	False	20	7190543937860357419	200
2	False	2	7190543350221573419	200
0	False	0	7190541629428714794	200
0	False	0	7190540378007932206	200
7	False	7	7190540324941516078	200
0	False	0	7190537408851512622	200
8	False	8	7190537074313923886	200
8	False	8	7190535696682372398	200
40	False	40	7190535428846439722	200
2	False	2	7190534804704791854	200
2	False	2	7190534157984927019	200
7	False	7	7190530604742528299	200
0	False	0	7190527124984302891	200
0	False	{'error': {'code': 'internal_error', 'message': 'Server Internal Error', 'log_id': '20241108005400ADEF70BD04151F1AC252'}}	7190526831655718186	500
21	False	21	7190525692914715947	200
6	False	6	7190524842146303275	200
3	False	3	7190524685573016875	200
0	False	0	7190523202810973482	200
3	False	3	7190520120928734507	200
6	False	6	7190519441170451755	200
58	False	58	7190518654969367854	200
0	False	0	7190517699133394219	200
84	False	84	7190513174137949483	200
10	False	10	7190511760162589998	200
11	False	11	7190913153251872046	200
16	False	16	7190912191262887211	200
7	False	7	7190911767063612718	200
3	False	3	7190911727331101998	200
0	False	0	7190909963051601198	200
96	True	96	7190908630273625386	200
160	False	64	7190908630273625386	200
16	False	16	7190906882993753387	200
95	True	95	7190903857948511531	200
192	True	97	7190903857948511531	200
256	False	64	7190903857948511531	200
34	False	34	7190902283083713835	200
1	False	1	7190897885788245294	200
3	False	3	7190897777969335598	200
3	False	3	7190893251904195883	200
1	False	1	7190893135726185771	200
92	True	92	7190889514641001770	200
186	True	94	7190889514641001770	200
279	True	93	7190889514641001770	200
378	True	99	7190889514641001770	200
473	True	95	7190889514641001770	200
569	True	96	7190889514641001770	200
662	True	93	7190889514641001770	200
757	True	95	7190889514641001770	200
852	True	95	7190889514641001770	200
949	True	97	7190889514641001770	200
997	True	48	7190889514641001770	200
999	True	2	7190889514641001770	200
999	True	0	7190889514641001770	200
999	True	0	7190889514641001770	200
999	True	0	7190889514641001770	200
999	True	0	7190889514641001770	200
999	True	0	7190889514641001770	200
999	True	0	7190889514641001770	200
999	True	0	7190889514641001770	200
999	True	0	7190889514641001770	200
999	True	0	7190889514641001770	200
999	True	0	7190889514641001770	200
999	True	0	7190889514641001770	200
999	True	0	7190889514641001770	200
999	True	0	7190889514641001770	200
999	True	0	7190889514641001770	200
999	True	0	7190889514641001770	200
999	True	0	7190889514641001770	200
999	True	0	7190889514641001770	200
999	True	0	7190889514641001770	200
999	True	0	7190889514641001770	200
999	True	0	7190889514641001770	200
999	True	0	7190889514641001770	200
999	True	0	7190889514641001770	200
999	True	0	7190889514641001770	200
999	True	0	7190889514641001770	200
999	True	0	7190889514641001770	200
999	True	0	7190889514641001770	200
999	True	0	7190889514641001770	200
999	True	0	7190889514641001770	200
999	True	0	7190889514641001770	200
999	True	0	7190889514641001770	200
999	True	0	7190889514641001770	200
999	True	0	7190889514641001770	200
999	True	0	7190889514641001770	200
999	True	0	7190889514641001770	200
999	True	0	7190889514641001770	200
999	True	0	7190889514641001770	200
999	True	0	7190889514641001770	200
999	True	0	7190889514641001770	200
999	True	0	7190889514641001770	200
999	True	0	7190889514641001770	200
999	True	0	7190889514641001770	200
999	True	0	7190889514641001770	200
999	True	0	7190889514641001770	200
999	True	0	7190889514641001770	200
999	True	0	7190889514641001770	200
999	True	0	7190889514641001770	200
999	True	0	7190889514641001770	200
999	True	0	7190889514641001770	200
999	True	0	7190889514641001770	200
999	True	0	7190889514641001770	200
999	True	0	7190889514641001770	200
999	True	0	7190889514641001770	200
999	True	0	7190889514641001770	200
999	True	0	7190889514641001770	200
999	True	0	7190889514641001770	200
999	True	0	7190889514641001770	200
999	True	0	7190889514641001770	200
999	True	0	7190889514641001770	200
999	True	0	7190889514641001770	200
999	True	0	7190889514641001770	200